-3.218314503783403779e-12
-2.697397860629280331e-12
-2.624567230213870062e-12
-1.030286966852145270e-12
1.325162202192586847e-12
1.067590460479550529e-12
0.000000000000000000e+00
-4.210187753983518633e-12
-5.391243007579760160e-13
1.781685909918451216e-12
4.648725848710455466e-12
4.657607632907456718e-12
3.066880083224532427e-12
0.000000000000000000e+00
-4.870770453635486774e-12
3.440803197918285150e-12
6.769695914954354521e-12
8.332889933626574930e-12
1.006306149520241888e-11
4.822808818971680012e-12
0.000000000000000000e+00
-5.406342040714662289e-12
9.348077867343818070e-12
1.279332195736060385e-11
1.834443708048638655e-11
2.228262019343674183e-11
1.437072683074802626e-11
0.000000000000000000e+00
-2.785327524179592729e-12
1.273825489533919608e-11
2.237854346276435535e-11
3.128164394183841068e-11
4.007283394003025023e-11
3.014566374304195051e-11
0.000000000000000000e+00
-1.130873172883184452e-12
1.358557710773311555e-11
3.220712585516594118e-11
5.024958227295428514e-11
5.911715561524033546e-11
4.814815213194378885e-11
0.000000000000000000e+00
2.330913240200516157e-13
3.662403713633466396e-12
1.134292659799029934e-11
2.011812938462753664e-11
2.461941761566777132e-11
2.038014201843907358e-11
0.000000000000000000e+00
-6.266542840194233577e-12
-5.271338920920243254e-12
-6.678213537725241622e-12
-6.100009386500460096e-12
-3.573141782453603810e-12
-4.817257703848554229e-13
0.000000000000000000e+00
-8.961942299379188626e-12
-3.725908470642025350e-12
3.558930927738401806e-12
3.858247055177344009e-12
1.200639587750629289e-11
8.221867631164059276e-12
0.000000000000000000e+00
-1.439515173728977970e-11
7.227995979519619141e-12
1.464250942717626458e-11
2.066258275590371341e-11
2.611066918234428158e-11
1.259259363450837554e-11
0.000000000000000000e+00
-2.093436535233195173e-11
2.200106763439180213e-11
3.622702138272870798e-11
5.329425789568631444e-11
6.009059916323167272e-11
3.944489179730226169e-11
0.000000000000000000e+00
-2.018252232005579572e-11
2.955058420184286661e-11
6.492406612323975423e-11
9.359801822483859723e-11
1.119175863095733803e-10
9.041123405495454790e-11
0.000000000000000000e+00
-1.943312177843381505e-11
3.107358814702365635e-11
8.953016106261202367e-11
1.519779857517278288e-10
1.702957774796232115e-10
1.447730824111204129e-10
0.000000000000000000e+00
-7.936318269230469014e-12
9.851675031313789077e-12
4.166444966813287465e-11
8.285283570330648217e-11
1.080948663911840413e-10
1.018367612459769589e-10
0.000000000000000000e+00
-9.012568469302095764e-12
-7.174705274337611627e-12
-1.053646059290258563e-11
-1.065725285798180266e-11
-9.552358903874846874e-12
-6.905587213168473681e-13
0.000000000000000000e+00
-1.815125827420160931e-11
-1.099831337114665075e-11
-1.382716163789154962e-11
-4.149569576838985085e-12
2.167155344068305567e-13
8.809397655795692117e-12
0.000000000000000000e+00
-2.869082749157314538e-11
-1.263167348497518105e-11
8.885336910680052824e-12
3.208633359008672414e-11
3.352340627316152677e-11
2.313349511950946180e-11
0.000000000000000000e+00
-4.072653325692954240e-11
-4.728661906483466737e-12
6.957634468562901020e-11
1.432809426660242025e-10
1.418527517671464011e-10
7.265299473147024401e-11
0.000000000000000000e+00
-4.756239846415155625e-11
2.827960088325198740e-12
1.456159637314158317e-10
2.983568947456660680e-10
2.796696207951754332e-10
1.915712033451200114e-10
0.000000000000000000e+00
-5.305489381157713069e-11
4.800826403084101912e-12
1.945164029848456266e-10
4.627862537631699524e-10
4.412825660438102204e-10
3.375966173280176008e-10
0.000000000000000000e+00
-2.122035880347539205e-11
-2.115640995725698303e-12
7.587175332446349785e-11
2.191882231272757053e-10
2.783266950245888438e-10
2.547952959730537259e-10
0.000000000000000000e+00
-5.604960939820102794e-12
-2.670752508038276574e-12
-1.068123367531370604e-11
-1.650057868118892657e-11
-1.705480201508180471e-11
-5.898836974438381731e-12
0.000000000000000000e+00
-1.530109372538390744e-11
-8.141043394971347880e-12
-3.989431007767052506e-11
-5.262279501039301977e-11
-3.353406441419792827e-11
-3.448796803695586277e-12
0.000000000000000000e+00
-2.668931742277891317e-11
-3.810018966987627209e-11
-1.399644844468639349e-10
-1.129851767700529308e-10
-1.624123058263649000e-11
2.839239954255390330e-11
0.000000000000000000e+00
-4.814726395352408872e-11
-8.291767272794459132e-11
-2.340581062298952020e-10
2.832969414612307446e-10
6.291820398018899141e-10
2.135873700126467156e-10
0.000000000000000000e+00
-7.131006896088365465e-11
-1.100044499935393105e-10
-1.603126520421938039e-10
1.446032626972737489e-09
1.887334732941781112e-09
6.373586103336492670e-10
0.000000000000000000e+00
-9.176659432341693901e-11
-1.183053655040566809e-10
-6.159162069252488436e-11
2.321984382547270798e-09
2.983554736601945478e-09
1.428016815907540149e-09
0.000000000000000000e+00
-4.284572696633404121e-11
-4.375699802494636970e-11
-7.318590178329031914e-13
9.120526556216645986e-10
1.488579925990052288e-09
1.203389388138020877e-09
0.000000000000000000e+00
4.100275674545628135e-12
2.561062473205311107e-12
-4.508837747607685742e-12
-1.412869821137974213e-11
-2.788702602174453204e-11
-1.093702906018734211e-11
0.000000000000000000e+00
7.749356711883592652e-13
-3.893774191965349019e-12
-2.835598422734619817e-11
-7.851497230149107054e-11
-1.340492161716611008e-10
-2.496935991302962066e-11
0.000000000000000000e+00
-4.529265851260788622e-12
-1.955235973127855686e-11
-1.121200909892650088e-10
-4.747402471139139379e-10
-7.427907178225723328e-10
4.393019281678789412e-11
0.000000000000000000e+00
-2.292876999376858294e-11
-7.986677985627466114e-11
-5.640732325673525338e-10
-3.028889139500279271e-09
-3.843883433773953584e-09
1.088003465099518507e-09
0.000000000000000000e+00
-6.105116412413735816e-11
-2.270041932206368074e-10
-1.581325292931978765e-09
-8.155179642699295073e-09
-1.482547418163449038e-09
8.186351152517090668e-09
0.000000000000000000e+00
-1.073821032093746908e-10
-3.624585076522635063e-10
-2.343691463124741858e-09
-1.037170527240505180e-08
1.649844838524927582e-08
3.803964698789741306e-08
0.000000000000000000e+00
-5.570477412675245432e-11
-1.250590742074564332e-10
-7.648282007721718401e-10
-2.771287199720973149e-09
1.042104713633307256e-08
3.130464421019496513e-08
0.000000000000000000e+00
2.621264316715610221e-11
1.804262295124203774e-11
3.370120849055524559e-11
4.720634994015426855e-11
5.158351523704141073e-11
1.736688570730393621e-11
0.000000000000000000e+00
4.329958613880080520e-11
2.246136610040139203e-11
6.000577812415031076e-11
1.077988809328189745e-10
1.255431314461930015e-10
-1.666800031330240017e-11
0.000000000000000000e+00
6.633138482925460266e-11
5.687539328391721938e-11
1.918074588047602447e-10
5.223705912271725538e-10
6.340155067618979956e-10
-1.663718052213880583e-10
0.000000000000000000e+00
1.049440534472978470e-10
1.363638091333996272e-10
6.483604764184747182e-10
2.988545411142240482e-09
3.033051143574994057e-09
-2.591063363865941938e-09
0.000000000000000000e+00
1.559135043294190837e-10
2.809183996532738092e-10
1.538245086862843891e-09
7.958448122735717334e-09
-4.593509572714538081e-09
-2.276019017699582037e-08
0.000000000000000000e+00
2.042214175546064325e-10
4.204361303550285811e-10
2.141734789518068283e-09
9.558744906712490774e-09
-5.056958585214488267e-08
-1.336643293825545697e-07
0.000000000000000000e+00
5.980771433655718283e-11
1.246105441055078700e-10
4.520011032127513317e-10
7.200640084192855284e-11
-3.933153891466645291e-08
-1.204508492946843035e-07
0.000000000000000000e+00
0.000000000000000000e+00
0.000000000000000000e+00
0.000000000000000000e+00
0.000000000000000000e+00
0.000000000000000000e+00
0.000000000000000000e+00
0.000000000000000000e+00
0.000000000000000000e+00
0.000000000000000000e+00
0.000000000000000000e+00
0.000000000000000000e+00
0.000000000000000000e+00
0.000000000000000000e+00
0.000000000000000000e+00
0.000000000000000000e+00
0.000000000000000000e+00
0.000000000000000000e+00
0.000000000000000000e+00
0.000000000000000000e+00
0.000000000000000000e+00
0.000000000000000000e+00
0.000000000000000000e+00
0.000000000000000000e+00
0.000000000000000000e+00
0.000000000000000000e+00
0.000000000000000000e+00
0.000000000000000000e+00
0.000000000000000000e+00
0.000000000000000000e+00
0.000000000000000000e+00
0.000000000000000000e+00
0.000000000000000000e+00
0.000000000000000000e+00
0.000000000000000000e+00
0.000000000000000000e+00
0.000000000000000000e+00
0.000000000000000000e+00
0.000000000000000000e+00
0.000000000000000000e+00
0.000000000000000000e+00
0.000000000000000000e+00
0.000000000000000000e+00
0.000000000000000000e+00
0.000000000000000000e+00
0.000000000000000000e+00
0.000000000000000000e+00
0.000000000000000000e+00
0.000000000000000000e+00
0.000000000000000000e+00
-3.242295321115307161e-12
-4.622968674539151834e-12
-4.602540570886048954e-12
-5.280220705117244506e-12
-3.318234575999667868e-12
-1.900923862763193029e-12
2.818301148010959878e-13
-2.873257187729905127e-12
4.511946372076636180e-13
3.269384762916160980e-12
9.255707311695005046e-12
1.237498992168184486e-11
1.433919649684867181e-11
3.465228104460038594e-12
-2.614797267597168684e-12
1.490363388256810140e-12
5.929479129918036051e-12
1.307576269482524367e-11
2.284128441942812060e-11
3.338573861810800736e-11
1.193800613918938325e-11
-3.694822225952520967e-13
5.034195282860309817e-12
1.023536810862424318e-11
1.790034787063632393e-11
3.182698549153428758e-11
4.921041352190513862e-11
1.983480046874319669e-11
4.192202140984591097e-13
4.806821607417077757e-12
9.151790436590090394e-12
2.203393023592070676e-11
4.021671884402167052e-11
5.886491294404549990e-11
2.467892556978767971e-11
1.740829702612245455e-12
3.158362460453645326e-12
5.012879000787506811e-12
1.452704623261524830e-11
3.074163146266073454e-11
4.685674070969980676e-11
2.052491510085019399e-11
0.000000000000000000e+00
0.000000000000000000e+00
0.000000000000000000e+00
0.000000000000000000e+00
0.000000000000000000e+00
0.000000000000000000e+00
0.000000000000000000e+00
-5.785177892292381330e-12
-1.157629547776650725e-11
-1.670619198534950556e-11
-2.096589568623130617e-11
-2.026245837782880699e-11
-1.931477200400877337e-11
-7.928768752663017949e-12
-5.800249169851667830e-12
1.577404873387422413e-12
8.172573728870702325e-12
1.962563445090381720e-11
2.850519820185581921e-11
2.947553312537820602e-11
9.231726494363101665e-12
-6.549427666868723463e-12
9.272582701669307426e-13
1.495337187407130841e-11
3.883116050928947516e-11
6.497646865000206162e-11
9.353495755703988834e-11
4.242650675223558210e-11
-5.456968210637569427e-12
3.010924842783424538e-12
2.313349511950946180e-11
5.240963218966498971e-11
9.692513458503526635e-11
1.494733226081734756e-10
8.224176895055279601e-11
-2.437161583657143638e-12
1.161026830232003704e-11
2.204814109063590877e-11
6.087930159992538393e-11
1.086704060071497224e-10
1.699085316886339569e-10
1.086277734430041164e-10
-1.850963826655060984e-12
6.441069899665308185e-12
1.447375552743324079e-11
3.699440753734961618e-11
9.001865919344709255e-11
1.448654529667692259e-10
1.019468953700197744e-10
0.000000000000000000e+00
0.000000000000000000e+00
0.000000000000000000e+00
0.000000000000000000e+00
0.000000000000000000e+00
0.000000000000000000e+00
0.000000000000000000e+00
-8.695599795771613572e-12
-1.853717179756131372e-11
-2.888578265469732287e-11
-3.867750564268135349e-11
-4.781597340297594201e-11
-5.328182339781051269e-11
-2.139266541689721635e-11
-7.343903263290485484e-12
-1.052757880870558438e-11
-1.129452087411664252e-11
-6.718181566611747257e-12
2.441602475755644264e-12
5.242917211489839246e-12
-1.417532757841399871e-12
-1.121769344081258168e-11
-1.303757102277813829e-11
6.435740829147107434e-12
6.959410825402301271e-11
1.440518815343239112e-10
1.949183037197599333e-10
7.485922992600535508e-11
-1.010747041618742514e-11
-5.003997216590505559e-12
3.464251108198368456e-11
1.437108210211590631e-10
2.996678460931434529e-10
4.627924710121078533e-10
2.197850790253141895e-10
-9.229950137523701414e-12
1.563194018672220409e-13
3.347544463849772001e-11
1.414903749719087500e-10
2.803357546099505271e-10
4.396278896479088871e-10
2.782982733151584398e-10
-5.186961971048731357e-13
8.739675649849232286e-12
2.379607622060575522e-11
7.343103902712755371e-11
1.917861425226874417e-10
3.383817670510325115e-10
2.554756406425440218e-10
0.000000000000000000e+00
0.000000000000000000e+00
0.000000000000000000e+00
0.000000000000000000e+00
0.000000000000000000e+00
0.000000000000000000e+00
0.000000000000000000e+00
-6.087574888624658342e-12
-1.496047730142890941e-11
-2.600542003960981674e-11
-4.818767607162044442e-11
-7.247669131515976915e-11
-9.163692027414072072e-11
-4.340794390600422048e-11
-2.785327524179592729e-12
-9.325873406851314940e-12
-3.901456935295755102e-11
-8.289013919693388743e-11
-1.104809577157084277e-10
-1.177200559254742984e-10
-4.318856383633828955e-11
-1.060840304489829578e-11
-4.182787449735769769e-11
-1.389199866252965876e-10
-2.362998685612183181e-10
-1.591793363786564441e-10
-6.240163941129139857e-11
3.979039320256561041e-13
-1.643307712129171705e-11
-5.022471327720268164e-11
-1.136841731863569294e-10
2.875317761663609417e-10
1.445636499397551233e-09
2.322364522910902451e-09
9.104397236114891712e-10
-1.722355591482482851e-11
-3.335287601657910272e-11
-1.590549913998984266e-11
6.278142450355517212e-10
1.887828560143134382e-09
2.983256308652926236e-09
1.489006251631508349e-09
-4.796163466380676255e-12
-3.787192781601333991e-12
2.826361367169738514e-11
2.135074339548737044e-10
6.370974858782574302e-10
1.427322260383334651e-09
1.203758870360616129e-09
0.000000000000000000e+00
0.000000000000000000e+00
0.000000000000000000e+00
0.000000000000000000e+00
0.000000000000000000e+00
0.000000000000000000e+00
0.000000000000000000e+00
3.866296172105876394e-12
1.253219750196876703e-12
-3.600675313464307692e-12
-2.275912791560585902e-11
-6.108091810119731235e-11
-1.080913136775052408e-10
-5.601918928732629865e-11
3.022693206844451197e-12
-3.984368390774761792e-12
-2.015809741351404227e-11
-8.120570882397259993e-11
-2.275770683013433882e-10
-3.615170385273813736e-10
-1.256470483212979161e-10
-3.748112931134528480e-12
-2.623767869636139949e-11
-1.117403947148432053e-10
-5.637836864025302930e-10
-1.582556308221683139e-09
-2.343334415400022408e-09
-7.643699007076065755e-10
-1.475619626489788061e-11
-8.133849149771776865e-11
-4.741771419958240585e-10
-3.028819861583542661e-09
-8.154088959599903319e-09
-1.037185626273640082e-08
-2.770619289549358655e-09
-2.736300075412145816e-11
-1.333333443653827999e-10
-7.438618609967306838e-10
-3.843972251615923597e-09
-1.481812006431937334e-09
1.649831204986185185e-08
1.042101871462364215e-08
-1.118394266086397693e-11
-2.452260616792045766e-11
4.376765616598277120e-11
1.086190692944910552e-09
8.185756072975891584e-09
3.803797099521943892e-08
3.130497105985341477e-08
0.000000000000000000e+00
0.000000000000000000e+00
0.000000000000000000e+00
0.000000000000000000e+00
0.000000000000000000e+00
0.000000000000000000e+00
0.000000000000000000e+00
2.624733763667563835e-11
4.321187851985541784e-11
6.683165132415069820e-11
1.051732034795804793e-10
1.570557017771534447e-10
2.026148138156713685e-10
5.993117113689550024e-11
1.819167039229796501e-11
2.291278278221398068e-11
5.593381313673262412e-11
1.365680901699306560e-10
2.802202914153895108e-10
4.222204808002061327e-10
1.243973812847798399e-10
3.197353493078480824e-11
5.988676221591049398e-11
1.918940562006810069e-10
6.473754865510272793e-10
1.538797533839897369e-09
2.141828048252136796e-09
4.521751861830125563e-10
4.832045874536561314e-11
1.081712497352782520e-10
5.217684062586158689e-10
2.988977954032634443e-09
7.958398384744214127e-09
9.558611679949535755e-09
7.185008144006133080e-11
5.328537611148931319e-11
1.254623072100002901e-10
6.363070070847243187e-10
3.033044038147636456e-09
-4.592681790427377564e-09
-5.056959651028591907e-08
-3.933291736757382751e-08
1.577227237703482388e-11
-1.614353095646947622e-11
-1.686917272536447854e-10
-2.590422099046918447e-09
-2.275984334332292747e-08
-1.336634412041348696e-07
-1.204500819085296826e-07
0.000000000000000000e+00
0.000000000000000000e+00
0.000000000000000000e+00
0.000000000000000000e+00
0.000000000000000000e+00
0.000000000000000000e+00
0.000000000000000000e+00
0.000000000000000000e+00
0.000000000000000000e+00
0.000000000000000000e+00
0.000000000000000000e+00
0.000000000000000000e+00
0.000000000000000000e+00
0.000000000000000000e+00
0.000000000000000000e+00
0.000000000000000000e+00
0.000000000000000000e+00
0.000000000000000000e+00
0.000000000000000000e+00
0.000000000000000000e+00
0.000000000000000000e+00
0.000000000000000000e+00
0.000000000000000000e+00
0.000000000000000000e+00
0.000000000000000000e+00
0.000000000000000000e+00
0.000000000000000000e+00
0.000000000000000000e+00
0.000000000000000000e+00
0.000000000000000000e+00
0.000000000000000000e+00
0.000000000000000000e+00
0.000000000000000000e+00
0.000000000000000000e+00
0.000000000000000000e+00
0.000000000000000000e+00
0.000000000000000000e+00
0.000000000000000000e+00
0.000000000000000000e+00
0.000000000000000000e+00
0.000000000000000000e+00
0.000000000000000000e+00
0.000000000000000000e+00
0.000000000000000000e+00
0.000000000000000000e+00
0.000000000000000000e+00
0.000000000000000000e+00
0.000000000000000000e+00
0.000000000000000000e+00
0.000000000000000000e+00
0.000000000000000000e+00
0.000000000000000000e+00
0.000000000000000000e+00
0.000000000000000000e+00
0.000000000000000000e+00
0.000000000000000000e+00
0.000000000000000000e+00
0.000000000000000000e+00
0.000000000000000000e+00
0.000000000000000000e+00
0.000000000000000000e+00
0.000000000000000000e+00
0.000000000000000000e+00
0.000000000000000000e+00
0.000000000000000000e+00
0.000000000000000000e+00
0.000000000000000000e+00
0.000000000000000000e+00
0.000000000000000000e+00
0.000000000000000000e+00
0.000000000000000000e+00
0.000000000000000000e+00
0.000000000000000000e+00
0.000000000000000000e+00
0.000000000000000000e+00
0.000000000000000000e+00
0.000000000000000000e+00
0.000000000000000000e+00
0.000000000000000000e+00
0.000000000000000000e+00
0.000000000000000000e+00
0.000000000000000000e+00
0.000000000000000000e+00
0.000000000000000000e+00
0.000000000000000000e+00
0.000000000000000000e+00
0.000000000000000000e+00
0.000000000000000000e+00
0.000000000000000000e+00
0.000000000000000000e+00
0.000000000000000000e+00
0.000000000000000000e+00
0.000000000000000000e+00
0.000000000000000000e+00
0.000000000000000000e+00
0.000000000000000000e+00
0.000000000000000000e+00
0.000000000000000000e+00
0.000000000000000000e+00
0.000000000000000000e+00
0.000000000000000000e+00
0.000000000000000000e+00
0.000000000000000000e+00
0.000000000000000000e+00
0.000000000000000000e+00
-1.467936883159381978e-12
-4.522604513113037683e-12
-6.162625965089318925e-12
-8.577138999044109369e-12
-1.229194523943988315e-11
-1.357536305590656411e-11
-3.474553977866889909e-12
-3.716360552630249003e-12
-1.355493495225346123e-11
-1.854516540333861485e-11
-2.311040248059725855e-11
-2.942179833098634845e-11
-3.052047503615540336e-11
-1.265121341020858381e-11
-6.196820834247773746e-12
-1.756461642798967659e-11
-2.253131015095277689e-11
-1.938893490205373382e-11
-1.601474508561295806e-11
-1.182876019356626784e-11
-8.270717444247566164e-12
-9.438672066153230844e-12
-2.352162908891841653e-11
-1.926458992329571629e-11
5.337952302397752646e-12
3.589306629692146089e-11
7.486988806704175659e-11
3.716849050761084072e-11
-1.207745015108230291e-11
-2.881073157823266229e-11
-1.499067536769871367e-11
3.738520604201767128e-11
1.023607865136000328e-10
1.861844012296387518e-10
1.256097448276705109e-10
-1.233457780358548916e-11
-2.934008591637393693e-11
-1.038458208313386422e-11
7.619149755555554293e-11
1.857607401234417921e-10
3.013713723021282931e-10
2.257110054415534250e-10
-3.671729587040317710e-12
-1.374189650960033759e-11
-7.993605777301127091e-12
3.699085482367081568e-11
1.250270997843472287e-10
2.267483978357631713e-10
2.134754595317644998e-10
-2.082778394196793670e-13
1.869615573468763614e-12
-3.823164007599189063e-12
-9.812151091637133504e-12
-1.627009638127674407e-11
-2.235012175333395135e-11
-6.801670338063559029e-12
1.053379605764348526e-12
-5.279332526697544381e-12
-1.980815511615219293e-11
-4.152500565623995499e-11
-5.961631188711180585e-11
-7.482547914605675032e-11
-3.276312554589821957e-11
-2.880362615087506128e-12
-2.185007730304278084e-11
-6.387779194483300671e-11
-9.506173626050440362e-11
-9.941913958755321801e-11
-1.095958879204772529e-10
-4.891376192972529680e-11
-1.020383777472488873e-11
-4.220268579047115054e-11
-9.535838785268424544e-11
-4.047251422889530659e-11
9.147527180175529793e-11
2.017515043917228468e-10
8.883915825208532624e-11
-1.663691406861289579e-11
-5.921840795508614974e-11
-1.002433691610349342e-10
9.142198109657329042e-11
4.528892816324514570e-10
8.487539560064760735e-10
5.121592039358802140e-10
-2.266453691390779568e-11
-7.462297446636512177e-11
-1.110542768856248586e-10
1.999254095608193893e-10
8.492975211993325502e-10
1.361188495252463326e-09
9.700897862785495818e-10
-7.005063196174887707e-12
-3.196376496816810686e-11
-4.977351863999501802e-11
8.967049325292464346e-11
5.128555358169251122e-10
9.698908343125367537e-10
8.858478395268321037e-10
1.327826737451687222e-12
6.624922832543234108e-12
1.200239907461764233e-11
1.236211133459619305e-11
5.519362744621503225e-12
-6.411760011815204052e-12
-4.270583886523127148e-12
6.992850742904010986e-12
1.558175810600914701e-11
2.639133356296952115e-11
8.933298545343859587e-12
-3.661781988739676308e-11
-7.125322554202284664e-11
-4.342481929597852286e-11
1.094946355806314386e-11
2.717559510756473173e-11
1.431743612556601875e-11
-1.430908724842083757e-10
-3.220463895559078082e-10
-3.818456661974778399e-10
-1.538786875698860968e-10
1.161426510520868760e-11
8.710365761999128154e-12
-1.422275630602598540e-10
-6.709086619594017975e-10
-8.298997045130818151e-10
-5.010001302707678406e-10
-1.672617599979275838e-10
5.280220705117244506e-12
-3.463007658410788281e-11
-3.221032329747686163e-10
-8.299991804960882291e-10
1.115850523092376534e-09
4.618740945261379238e-09
2.300680534972343594e-09
-6.591616141804479412e-12
-7.110578792435262585e-11
-3.819344840394478524e-10
-5.014868520447635092e-10
4.616417470515443711e-09
1.087023093759853509e-08
6.200593816174659878e-09
-3.798961145662360650e-12
-4.348521542851813138e-11
-1.540136906896805158e-10
-1.676880856393836439e-10
2.301192125742090866e-09
6.200252755661495030e-09
4.853944801652687602e-09
2.021716127842410060e-12
6.589395695755229099e-12
8.663736394964871579e-12
6.377565142656749231e-12
-5.043965245477011194e-12
-1.738231780734622589e-11
-7.905676113750814693e-12
6.231903881825928693e-12
2.297806389606193989e-11
2.427391621040442260e-11
3.249089886026013119e-11
5.189626506307831733e-12
-8.026290743146091700e-11
-5.212985598745945026e-11
8.832268250102970342e-12
2.429167977879842510e-11
3.687894434278859990e-11
1.073043875976509298e-10
-1.141930994208451011e-10
-7.118536871075775707e-10
-2.917595054441335378e-10
8.151035402192974288e-12
3.283417981947422959e-11
1.087361312102075317e-10
-1.042543829044006998e-10
-3.245347102165396791e-09
-7.758799824841844384e-09
-2.756088690603064606e-09
-4.626521388217952335e-12
3.129940751023241319e-12
-1.135802563112520147e-10
-3.244920776523940731e-09
-2.197621284949491383e-08
-4.063348058025439968e-08
-1.304414354308391921e-08
-1.725153353504538245e-11
-7.931255652238178300e-11
-7.118075018297531642e-10
-7.758337972063600319e-09
-4.063101499696131214e-08
2.390636311133675918e-08
6.792680551370722242e-08
-7.983835814684425713e-12
-5.214140230691555189e-11
-2.913616015121078817e-10
-2.755704997525754152e-09
-1.304583463479502825e-08
6.792706130909209605e-08
1.320806859439471737e-07
1.149658146459842101e-11
2.583466773842246766e-11
4.288569499522054684e-11
8.017186914344165416e-11
1.467839183533214964e-10
2.589057856994259055e-10
8.584732924532545439e-11
2.508349083996108675e-11
8.032152720716112526e-11
1.343725131164319464e-10
2.619073846688024787e-10
4.949707310686335404e-10
9.028897629548282566e-10
4.184079749336433451e-10
4.343481130320014927e-11
1.344291344906878294e-10
2.627347228667531454e-10
5.804539071618819435e-10
1.363411605836972740e-09
2.961726863759395201e-09
1.198774024491200407e-09
7.940981205933894671e-11
2.618247840757703671e-10
5.785167900285159703e-10
1.853202036272705300e-09
7.411699698423035443e-09
1.691011419779897551e-08
6.112991890461216826e-09
1.472558741610896504e-10
4.950679866055907041e-10
1.361550872047700977e-09
7.409905578015241190e-09
5.486015908218178083e-08
9.626288033359742258e-08
2.473744586950488156e-08
2.588058656272096414e-10
9.017715463244257990e-10
2.962789125149356551e-09
1.691006090709379350e-08
9.626047869915055344e-08
-3.037106779402165557e-07
-3.886473791681055445e-07
8.557909936257601657e-11
4.185669588707696676e-10
1.198366350596558050e-09
6.113105577298938442e-09
2.473910853950656019e-08
-3.886463559865660500e-07
-5.913086624786956236e-07
-2.419213800479795371e-11
-4.076894377647022338e-11
-5.879119413521038950e-11
-9.586864635480196739e-11
-1.526863080414386786e-10
-2.287263711764353502e-10
-1.090071921616697637e-10
-4.010580756386161738e-11
-7.872279911280699594e-11
-1.158341200735435450e-10
-2.021248723949042869e-10
-3.353270994210788558e-10
-5.173166339744739162e-10
-2.405817767225926218e-10
-5.862421659230676596e-11
-1.163544260940341246e-10
-2.098465845534747132e-10
-4.744684645174856996e-10
-9.762519681544290506e-10
-1.758969858656200813e-09
-7.913882882348843850e-10
-9.593392746864992660e-11
-2.018677447424011007e-10
-4.745186465981987567e-10
-1.510521485670324182e-09
-4.361410788078501355e-09
-8.882039992386125959e-09
-3.202700327165075578e-09
-1.531095250584257883e-10
-3.352296218395167671e-10
-9.755409813294591004e-10
-4.361047301060239079e-09
-2.627734829729888588e-08
-4.663274921767879277e-08
-4.437822553882142529e-09
-2.293387701968185866e-10
-5.174873862756612652e-10
-1.759604906226286403e-09
-8.881340107791402261e-09
-4.663192498810531106e-08
2.487066126377612818e-07
3.103237986579188146e-07
-1.087215872885849421e-10
-2.403766075076418929e-10
-7.914415789400663925e-10
-3.202771381438651588e-09
-4.438867051703709876e-09
3.103235144408245105e-07
4.183732317392108158e-07
