-2.381549223069906809e-02 1.850932116555130749e-02 -7.151235461616654333e-03
-2.336553495441512016e-02 2.248724685763254724e-02 -6.535415442851686026e-03
-2.181113436823950077e-02 2.500087399615298980e-02 -5.196062048649227431e-03
-1.861391461637743050e-02 2.454618745332774396e-02 -3.311136390987847681e-03
-1.361314282357259028e-02 1.990735017037841351e-02 -1.454806372366439877e-03
-7.146883137209958381e-03 1.107139282128956868e-02 -3.032408047883920462e-04
0.000000000000000000e+00 0.000000000000000000e+00 0.000000000000000000e+00
-2.406738097155440570e-02 1.996012491526978627e-02 -6.126237032381876349e-03
-2.320547370963220793e-02 2.321620834433153410e-02 -5.076383429954006710e-03
-2.129412316591641069e-02 2.506458294091328670e-02 -3.206081750948653469e-03
-1.792939522563578511e-02 2.424820843274891335e-02 -9.481302745537364528e-04
-1.299599483775673407e-02 1.952173346504940468e-02 6.958262404283052779e-04
-6.780910143742621340e-03 1.074343839962164406e-02 8.913586315285331081e-04
0.000000000000000000e+00 0.000000000000000000e+00 0.000000000000000000e+00
-2.566513830705929519e-02 2.575426080002882895e-02 -3.636955753063804767e-03
-2.470649408380656137e-02 2.957883034660097055e-02 -1.397728369110931047e-03
-2.267442623520869380e-02 3.189655312427015776e-02 1.996601618303156262e-03
-1.913012630382741885e-02 3.114454972786789150e-02 5.502283261609469504e-03
-1.389435610035931468e-02 2.535234343690943859e-02 6.890094205524810098e-03
-7.238426158212568108e-03 1.395058110469004319e-02 4.483935786662905480e-03
0.000000000000000000e+00 0.000000000000000000e+00 0.000000000000000000e+00
-2.812923555528557690e-02 3.430101747327046063e-02 -4.048400016393079994e-04
-2.721774740423012554e-02 3.923821110664443834e-02 3.415054671505071433e-03
-2.514275540469304224e-02 4.276213834808919451e-02 9.525723234216515803e-03
-2.140920151154473636e-02 4.277784017239681658e-02 1.616266179141477577e-02
-1.569443381739892354e-02 3.580172794414049342e-02 1.845828292534408208e-02
-8.225301450908871839e-03 2.008066815194410604e-02 1.183446240513909807e-02
0.000000000000000000e+00 0.000000000000000000e+00 0.000000000000000000e+00
-3.071895068846372881e-02 4.358607379683503841e-02 3.229948749652371710e-03
-2.993126862485371784e-02 4.979289907827263301e-02 8.678121770556841003e-03
-2.787422498895885184e-02 5.507010697874389904e-02 1.848479773103183302e-02
-2.398428406051699921e-02 5.662505883151457142e-02 3.036578391679279829e-02
-1.776259349455808906e-02 4.889568431482537586e-02 3.590144551780085486e-02
-9.373916386721992469e-03 2.807176063019638582e-02 2.405339950408877034e-02
0.000000000000000000e+00 0.000000000000000000e+00 0.000000000000000000e+00
-3.262239434639885305e-02 5.105421728655439029e-02 6.661090438306791622e-03
-3.198284418179162675e-02 5.831556247943973231e-02 1.333402855626991679e-02
-2.998750231621185106e-02 6.536887524727937049e-02 2.687113684959332310e-02
-2.601030418950403544e-02 6.876246565603501282e-02 4.498118460644634498e-02
-1.941891847508328897e-02 6.091623864408042544e-02 5.566800066258346252e-02
-1.030754639445743796e-02 3.551297773581298112e-02 3.858053616494987181e-02
0.000000000000000000e+00 0.000000000000000000e+00 0.000000000000000000e+00
-3.309161398873668170e-02 5.349864876891069487e-02 8.280806316835342615e-03
-3.265576740263000793e-02 6.130293226364320197e-02 1.493938273601320803e-02
-3.074539927591855154e-02 6.916855422429117606e-02 2.999679659880419985e-02
-2.674597103610958787e-02 7.350547805065418827e-02 5.142617857472073228e-02
-2.002672700706505798e-02 6.588515087781741941e-02 6.553819094204496598e-02
-1.065932274690662221e-02 3.879742907991092643e-02 4.649342857231161807e-02
0.000000000000000000e+00 0.000000000000000000e+00 0.000000000000000000e+00
-2.254085198180827768e-02 1.558641628586375331e-02 -8.065919974507992918e-03
-2.247542325402488925e-02 1.999409733385952570e-02 -7.910116540064016100e-03
-2.126727981462054121e-02 2.283467046513967466e-02 -7.145053737597932553e-03
-1.837735229186023000e-02 2.281573613868851519e-02 -5.612214946057880391e-03
-1.361543432734453433e-02 1.883863775573483765e-02 -3.562861034024744893e-03
-7.267496109321521479e-03 1.077379976583788326e-02 -1.545624978331772799e-03
0.000000000000000000e+00 0.000000000000000000e+00 0.000000000000000000e+00
-2.265701046693669243e-02 1.660487020854834947e-02 -7.291965737066850341e-03
-2.229853639874139828e-02 2.078096186693514230e-02 -6.566305273868141418e-03
-2.069196385748836922e-02 2.295346697264704847e-02 -5.194281822620947300e-03
-1.758796712766628328e-02 2.250394987950583153e-02 -3.175927180257081227e-03
-1.288331490847630621e-02 1.837949164137948899e-02 -1.236792379995139534e-03
-6.818199847966215955e-03 1.034812602333711959e-02 -1.799021388448821381e-04
0.000000000000000000e+00 0.000000000000000000e+00 0.000000000000000000e+00
-2.423424523993014321e-02 2.168068878155356149e-02 -5.803800849467877568e-03
-2.377390667232978996e-02 2.667227157316975905e-02 -3.735812154475593588e-03
-2.207376571773235138e-02 2.949318310243280450e-02 -8.761346456129648743e-04
-1.881088598708255399e-02 2.927195714643351238e-02 2.464919019993492416e-03
-1.381922791144999003e-02 2.424901028148081228e-02 4.394728356336172030e-03
-7.311947071196374381e-03 1.374521811247117822e-02 3.353622663661123566e-03
0.000000000000000000e+00 0.000000000000000000e+00 0.000000000000000000e+00
-2.670033013746530084e-02 2.925001686536744111e-02 -4.020810998989237349e-03
-2.629489264058694833e-02 3.566267167301390845e-02 -1.579843571659950868e-04
-2.458699366956866583e-02 3.991416973953232361e-02 5.332465049701069423e-03
-2.117990664605568993e-02 4.078598860712588647e-02 1.206487692869743535e-02
-1.574053655920568465e-02 3.491958271294735849e-02 1.535532982114174751e-02
-8.402712905308036551e-03 2.029180899769968474e-02 1.079282068821627028e-02
0.000000000000000000e+00 0.000000000000000000e+00 0.000000000000000000e+00
-2.931456852385215181e-02 3.759398086635658276e-02 -1.968008658359083653e-03
-2.904575989618123771e-02 4.555305703037103998e-02 3.757981686449505393e-03
-2.739488918387377597e-02 5.177351040914992403e-02 1.275482664771366605e-02
-2.389015585943052647e-02 5.461428064330943466e-02 2.499227754511929370e-02
-1.798865607904323941e-02 4.862107814818073664e-02 3.249824519603713296e-02
-9.704252578953491068e-03 2.920514780881001971e-02 2.391948130727831329e-02
0.000000000000000000e+00 0.000000000000000000e+00 0.000000000000000000e+00
-3.125701317793018463e-02 4.451116726431712106e-02 2.441777409346593199e-04
-3.114422285389958564e-02 5.372337072444408057e-02 7.451886851370017467e-03
-2.958325702355602688e-02 6.183108552896565691e-02 1.985124638982212544e-02
-2.604548281202143101e-02 6.689027225501166518e-02 3.833190626504594245e-02
-1.983135495134891874e-02 6.158116776033351752e-02 5.231039771388273224e-02
-1.079826757021568398e-02 3.805394078727667578e-02 4.085741998009947973e-02
0.000000000000000000e+00 0.000000000000000000e+00 0.000000000000000000e+00
-3.168921664789820652e-02 4.710152212182922016e-02 2.079884427167648202e-03
-3.187843014341584097e-02 5.736438888527028990e-02 9.921031521114497334e-03
-3.039961119029896408e-02 6.608262142430013086e-02 2.347110500747814563e-02
-2.683263992007043838e-02 7.199194845819580080e-02 4.495122901740509352e-02
-2.053653156023713816e-02 6.737534883511885064e-02 6.326881409566134651e-02
-1.128716121443357201e-02 4.285640177276296009e-02 5.238422257423138578e-02
0.000000000000000000e+00 0.000000000000000000e+00 0.000000000000000000e+00
-2.044714296474946236e-02 9.812724430394270669e-03 -1.075452467106269294e-02
-2.055539222480868775e-02 1.361015979953511014e-02 -1.157103347632655772e-02
-1.968908764382361690e-02 1.655851163405597931e-02 -1.170684989438110397e-02
-1.721802892397550355e-02 1.731546883359304234e-02 -1.056083156779705386e-02
-1.288468781194424158e-02 1.484644184595078874e-02 -7.829917131458592749e-03
-6.928011750484933291e-03 8.776066164373959658e-03 -3.907126915944561865e-03
0.000000000000000000e+00 0.000000000000000000e+00 0.000000000000000000e+00
-2.063573238747439670e-02 1.084836957460310301e-02 -1.060007561450872562e-02
-2.043707463120768633e-02 1.471756604864516912e-02 -1.069062500932998518e-02
-1.918145198166734330e-02 1.738954907905956165e-02 -9.983788315269023078e-03
-1.649204748007231450e-02 1.789749999542369907e-02 -8.162483558067642336e-03
-1.219308523113136686e-02 1.517717138618875430e-02 -5.367834196678315274e-03
-6.490600583957843034e-03 8.812533371599704998e-03 -2.311979933386696523e-03
0.000000000000000000e+00 0.000000000000000000e+00 0.000000000000000000e+00
-2.229508030354695330e-02 1.467518372675663541e-02 -1.147302525855311769e-02
-2.203696100322524720e-02 1.955028883206963441e-02 -1.062524649844353263e-02
-2.077310592655337226e-02 2.335975634793496444e-02 -8.507819228956842866e-03
-1.798225279331126109e-02 2.459874303387342767e-02 -5.143681372489233676e-03
-1.336984718913633401e-02 2.120919601521707373e-02 -1.889477287269005542e-03
-7.111287388239717275e-03 1.232090021914563141e-02 1.093613725401914162e-04
0.000000000000000000e+00 0.000000000000000000e+00 0.000000000000000000e+00
-2.488584131899208157e-02 2.054037646933673522e-02 -1.298491756019215342e-02
-2.474770898613975686e-02 2.697567721665927731e-02 -1.095817310105072842e-02
-2.359029415617982378e-02 3.287775574066716111e-02 -6.274312045432152603e-03
-2.077406701621493934e-02 3.629286394081920886e-02 1.556810146590139818e-03
-1.570749193362029963e-02 3.267623676146567957e-02 7.210087244531106741e-03
-8.445934691836565894e-03 1.933662615624192477e-02 6.449506668038416067e-03
0.000000000000000000e+00 0.000000000000000000e+00 0.000000000000000000e+00
-2.766834236334812791e-02 2.728104032014083344e-02 -1.460051021657786559e-02
-2.773897758576700581e-02 3.537877223698537854e-02 -1.132409573031542549e-02
-2.677056862023683564e-02 4.399644671423115494e-02 -3.382152533271194812e-03
-2.401988996835606460e-02 5.088207577579428181e-02 1.124372189901961215e-02
-1.850317894886495049e-02 4.855106828086381415e-02 2.410982121347306911e-02
-1.007278133022089864e-02 2.989033887853787680e-02 2.021340735933108840e-02
0.000000000000000000e+00 0.000000000000000000e+00 0.000000000000000000e+00
-2.977595275775388531e-02 3.322064558401670309e-02 -1.562104486270507811e-02
-3.004806034403771989e-02 4.264089108597426264e-02 -1.121758669068428742e-02
-2.925719896297591591e-02 5.377449249655817665e-02 -9.245278427919073280e-05
-2.660663244942205671e-02 6.422975695646471195e-02 2.162514612830378907e-02
-2.083685543811544458e-02 6.428779836808116988e-02 4.457196440585614594e-02
-1.147870403636696429e-02 4.121343968627966953e-02 4.057116529309884312e-02
0.000000000000000000e+00 0.000000000000000000e+00 0.000000000000000000e+00
-3.030947150139302187e-02 3.594692713025322839e-02 -1.513274631670535018e-02
-3.087380593043009130e-02 4.619692739609992244e-02 -1.004857558938383917e-02
-3.014824462708787581e-02 5.804281624317653154e-02 2.495005852852375319e-03
-2.745399578843077740e-02 6.966823395840167354e-02 2.743423241881513125e-02
-2.165581930344326334e-02 7.121485001467420251e-02 5.665539865194485492e-02
-1.210581659916119476e-02 4.768014344992599352e-02 5.589413163889368069e-02
0.000000000000000000e+00 0.000000000000000000e+00 0.000000000000000000e+00
-1.710070649157003492e-02 2.722879080371932298e-03 -1.236652956872086144e-02
-1.738000789339492341e-02 5.518701905422415850e-03 -1.427048917774794388e-02
-1.686795629566518670e-02 8.021810798820002211e-03 -1.564707538451374363e-02
-1.496296143811474966e-02 9.342022657301558841e-03 -1.528351353504168661e-02
-1.133898605376489066e-02 8.653109402567025696e-03 -1.233706721651329184e-02
-6.154591499423890319e-03 5.438594528894475678e-03 -6.714562547259069966e-03
0.000000000000000000e+00 0.000000000000000000e+00 0.000000000000000000e+00
-1.735868983744367003e-02 3.818399548240101419e-03 -1.293531222181491455e-02
-1.736445730814636934e-02 6.955069882766059391e-03 -1.424832917409834046e-02
-1.650213813588855688e-02 9.581310772701114031e-03 -1.495411645267881277e-02
-1.439724113103621646e-02 1.096112155606454239e-02 -1.388093663366534586e-02
-1.077325209886442238e-02 1.003020537880293384e-02 -1.051850254709382933e-02
-5.773447163615160610e-03 6.194882391627415906e-03 -5.199668918337373331e-03
0.000000000000000000e+00 0.000000000000000000e+00 0.000000000000000000e+00
-1.907378498178370976e-02 5.940916978351303696e-03 -1.639252742981273450e-02
-1.909540105034635005e-02 1.001662795797648824e-02 -1.784851579759672013e-02
-1.834649061948502927e-02 1.390958133807038317e-02 -1.862752357562470415e-02
-1.625669985983944910e-02 1.659957522410564559e-02 -1.654796001650391327e-02
-1.229900448773501610e-02 1.551679907647752175e-02 -1.203546363686576991e-02
-6.582629193274061249e-03 9.488662468687122237e-03 -5.340422214558037187e-03
0.000000000000000000e+00 0.000000000000000000e+00 0.000000000000000000e+00
-2.172137298910137987e-02 9.280692018425755821e-03 -2.171942375581441612e-02
-2.196647724776964669e-02 1.477986039584755842e-02 -2.350253524897224361e-02
-2.152616262705490252e-02 2.116447918894478336e-02 -2.369733607245134294e-02
-1.966572653663598361e-02 2.765514797699038935e-02 -1.679675555290459019e-02
-1.528338460753979507e-02 2.762840093066374139e-02 -8.199463627598579593e-03
-8.287785991895788365e-03 1.678395082673766678e-02 -2.263025459991067044e-03
0.000000000000000000e+00 0.000000000000000000e+00 0.000000000000000000e+00
-2.462260064047709293e-02 1.336157489581799550e-02 -2.808604387842013328e-02
-2.519419694733281145e-02 2.044152734607576627e-02 -3.018503556834747220e-02
-2.519457641458582725e-02 3.015892764617726998e-02 -2.957581292486712726e-02
-2.377483373261080057e-02 4.263398316839898256e-02 -1.556401483603534093e-02
-1.903474139296848847e-02 4.748352595965057987e-02 7.055402388235360207e-03
-1.046937596620185935e-02 3.051640731190653419e-02 1.218508347888853580e-02
0.000000000000000000e+00 0.000000000000000000e+00 0.000000000000000000e+00
-2.687512644552995933e-02 1.722858331588759603e-02 -3.395746187213171535e-02
-2.773024001232431840e-02 2.569284374224486273e-02 -3.599480238563226159e-02
-2.807278993954500507e-02 3.859895617709197674e-02 -3.404400747440289310e-02
-2.704953158883235259e-02 5.673320924255705056e-02 -1.404483576128826190e-02
-2.226548015157613428e-02 6.795995969315093976e-02 2.488213451415257141e-02
-1.247692893836593528e-02 4.719641393635069099e-02 3.951702791754494598e-02
0.000000000000000000e+00 0.000000000000000000e+00 0.000000000000000000e+00
-2.750997609345642511e-02 1.933204573820957936e-02 -3.626622887196551820e-02
-2.868538975256132093e-02 2.854728361036525802e-02 -3.771275008916047389e-02
-2.903549914193250328e-02 4.248102646502727175e-02 -3.362282092623011809e-02
-2.793580668980868986e-02 6.221190501295056907e-02 -1.069841752465356365e-02
-2.327149933087343386e-02 7.615331658973928386e-02 3.598227131072959106e-02
-1.336992530235466166e-02 5.653210058858956083e-02 6.058341958030768332e-02
0.000000000000000000e+00 0.000000000000000000e+00 0.000000000000000000e+00
-1.236226747293480907e-02 -3.336991469957460189e-03 -1.072435757986689962e-02
-1.271624244816730621e-02 -1.460715371520462632e-03 -1.324809969172132708e-02
-1.252319753433261094e-02 1.894379766318710599e-04 -1.532865587487457909e-02
-1.129580805244235001e-02 1.381806032312827290e-03 -1.589552186147371801e-02
-8.714872634805461912e-03 1.919131770217318228e-03 -1.354133423008364694e-02
-4.815202382963249851e-03 1.515368897753569845e-03 -7.813903537732725182e-03
0.000000000000000000e+00 0.000000000000000000e+00 0.000000000000000000e+00
-1.263038965830659208e-02 -2.155158819936109360e-03 -1.193128962319238602e-02
-1.279245691741201681e-02 2.365860444581377204e-04 -1.403779490007608065e-02
-1.233762988857593605e-02 2.164032464611696967e-03 -1.572256623518945851e-02
-1.096151309833117912e-02 3.495926846038353852e-03 -1.605015990620703090e-02
-8.350599031285774534e-03 3.918116273592015496e-03 -1.318267576956106552e-02
-4.542574317522810740e-03 2.790350170219519071e-03 -7.108164174032470008e-03
0.000000000000000000e+00 0.000000000000000000e+00 0.000000000000000000e+00
-1.415272741041734110e-02 -1.712267052165327352e-03 -1.675958939078211335e-02
-1.440178013078260121e-02 1.253640973411564987e-03 -1.979997202212030113e-02
-1.418702771532294980e-02 3.450149212040210921e-03 -2.368853405952155156e-02
-1.298365177708519190e-02 5.598185630317325558e-03 -2.630489876489586210e-02
-1.008046097612468397e-02 6.818102729896322566e-03 -2.207424516272059670e-02
-5.471415616126210253e-03 4.843646384642121168e-03 -1.132384532356513207e-02
0.000000000000000000e+00 0.000000000000000000e+00 0.000000000000000000e+00
-1.651054752046985860e-02 -1.050207545378249990e-03 -2.433308616516274142e-02
-1.706714177081565878e-02 2.720309279888361801e-03 -2.923699614774314878e-02
-1.738727465294316946e-02 6.119494693415176469e-03 -3.737884218259988206e-02
-1.682400243199574236e-02 1.204462195493075267e-02 -4.255751064095117386e-02
-1.364893205614514486e-02 1.677775033876714034e-02 -3.281763745294749568e-02
-7.493464171008420993e-03 1.095977632396736949e-02 -1.668453667400688484e-02
0.000000000000000000e+00 0.000000000000000000e+00 0.000000000000000000e+00
-1.918154294625511874e-02 -2.472419886595424035e-04 -3.416676977840426427e-02
-2.017235370785492102e-02 4.509215433007301467e-03 -4.147820852016703697e-02
-2.126503535955193494e-02 1.036847741846531022e-02 -5.485712791088871026e-02
-2.184027187641904635e-02 2.388706701066564686e-02 -6.129978831207998774e-02
-1.864609090223892304e-02 4.146881661162048899e-02 -2.758014879601478758e-02
-1.038768277288701185e-02 2.994251423377856242e-02 -5.200593410345407709e-03
0.000000000000000000e+00 0.000000000000000000e+00 0.000000000000000000e+00
-2.130372831557279106e-02 4.667641229338593189e-04 -4.429259868505930342e-02
-2.265860144958403016e-02 6.244490255305872040e-03 -5.365708279799037694e-02
-2.431163115577174641e-02 1.495814379936209748e-02 -7.118487160960738913e-02
-2.579388461078117867e-02 3.548669208921137463e-02 -8.128212985107813315e-02
-2.315760271185054314e-02 6.764160508653453696e-02 -2.631315758170816102e-02
-1.340189315951288880e-02 5.819062559856694183e-02 3.513200434785686277e-02
0.000000000000000000e+00 0.000000000000000000e+00 0.000000000000000000e+00
-2.192923938378742860e-02 7.358301345878438338e-04 -4.933896120872656443e-02
-2.363010300384136078e-02 7.119622609433549562e-03 -5.903589292013967232e-02
-2.522330644520149462e-02 1.781091664359156154e-02 -7.427178031174781758e-02
-2.653022679091382799e-02 4.045416577839720113e-02 -8.070381781949242939e-02
-2.429508276183339754e-02 7.474860118425923072e-02 -2.386654108369281116e-02
-1.466281953091633054e-02 7.030881729408998415e-02 5.950286770420702004e-02
0.000000000000000000e+00 0.000000000000000000e+00 0.000000000000000000e+00
-6.424871181414335344e-03 -5.650887458139006170e-03 -5.446589430519666736e-03
-6.690261761793544343e-03 -4.416434893454391532e-03 -7.750566448356098308e-03
-6.685107612528351853e-03 -3.571341807075870123e-03 -9.485619890224261316e-03
-6.131719095495176755e-03 -2.985663566832620283e-03 -1.027983025513708182e-02
-4.828898611884313921e-03 -2.271640115069683066e-03 -9.029955923633698270e-03
-2.801632815614352179e-03 -1.241471481771455696e-03 -4.810594229962153121e-03
0.000000000000000000e+00 0.000000000000000000e+00 0.000000000000000000e+00
-6.609179642196515332e-03 -4.563422071901486639e-03 -6.776107356302566408e-03
-6.798228706541574289e-03 -2.798597062683976389e-03 -8.962189598235754950e-03
-6.653636596110995734e-03 -1.568037411994486910e-03 -1.050437580053262786e-02
-6.023467338588063200e-03 -9.682928333830994466e-04 -1.127193489820245247e-02
-4.688037343872055764e-03 -4.760234957211410085e-04 -9.739224687432821922e-03
-2.661533798819538943e-03 -1.524864684563913438e-04 -4.921230116420417973e-03
0.000000000000000000e+00 0.000000000000000000e+00 0.000000000000000000e+00
-7.545302853916296439e-03 -5.113553775292337122e-03 -1.063260067373117575e-02
-7.828830835988906736e-03 -3.021075851523535513e-03 -1.384156245474579307e-02
-7.889841110629848900e-03 -1.983432860073077678e-03 -1.716299567389321587e-02
-7.478613319407981241e-03 -2.264738159596503628e-03 -2.036047489802463029e-02
-6.000887775086504415e-03 -1.672301195916782966e-03 -1.910186242362696754e-02
-3.404977309060838991e-03 -6.734502792027082874e-04 -9.700137452726140599e-03
0.000000000000000000e+00 0.000000000000000000e+00 0.000000000000000000e+00
-9.027358725398835701e-03 -6.033462797386593239e-03 -1.715920349552364776e-02
-9.576855325385578294e-03 -3.645982712098851976e-03 -2.256623939154219632e-02
-1.014544264800246696e-02 -3.105747519312071925e-03 -3.041799680667214151e-02
-1.063037372534992968e-02 -6.157436919924156454e-03 -4.289824502460006656e-02
-9.092976112241820882e-03 -3.213898851535350234e-03 -4.771278942027235709e-02
-5.142370731400016347e-03 1.320888293401217915e-03 -2.664052518857694396e-02
0.000000000000000000e+00 0.000000000000000000e+00 0.000000000000000000e+00
-1.077975821759707270e-02 -7.536417773637850946e-03 -2.646299920656921753e-02
-1.173058112599167230e-02 -4.992824701174856765e-03 -3.544391885174257018e-02
-1.316195716360040423e-02 -5.027372370763240859e-03 -5.256503170383159534e-02
-1.541819757189094586e-02 -8.475526570848122832e-03 -8.945602239332829664e-02
-1.449684196553452722e-02 1.417518395251023307e-02 -9.634252684928172605e-02
-8.342455607730444450e-03 2.411909608913431063e-02 -4.265111774461385202e-02
0.000000000000000000e+00 0.000000000000000000e+00 0.000000000000000000e+00
-1.219055688887839793e-02 -9.439076237881085726e-03 -3.598812597751865211e-02
-1.347050321720565276e-02 -6.775136372302408699e-03 -4.874438752896398386e-02
-1.553030312443137370e-02 -6.860466846939491589e-03 -7.566785131031616984e-02
-1.904996548765769751e-02 -7.178561406120697805e-03 -1.376424792184778312e-01
-1.988191556502526269e-02 4.179151510714308043e-02 -1.460880826121411513e-01
-1.253888735601448035e-02 7.422675570313050364e-02 5.684689768713794590e-03
0.000000000000000000e+00 0.000000000000000000e+00 0.000000000000000000e+00
-1.252732235983906352e-02 -1.121740277907959209e-02 -3.945071663386306299e-02
-1.411737133283376758e-02 -8.330424656877097322e-03 -5.364769203376464762e-02
-1.609016524556506830e-02 -6.737194926542572869e-03 -8.059276787686243948e-02
-1.925651902292197654e-02 -2.580255506593828133e-03 -1.378335723495891230e-01
-2.072393605849110268e-02 4.171121588102485317e-02 -1.572409192122330157e-01
-1.387112352414674940e-02 8.209255117885518038e-02 1.813581943927654663e-02
0.000000000000000000e+00 0.000000000000000000e+00 0.000000000000000000e+00
0.000000000000000000e+00 0.000000000000000000e+00 0.000000000000000000e+00
0.000000000000000000e+00 0.000000000000000000e+00 0.000000000000000000e+00
0.000000000000000000e+00 0.000000000000000000e+00 0.000000000000000000e+00
0.000000000000000000e+00 0.000000000000000000e+00 0.000000000000000000e+00
0.000000000000000000e+00 0.000000000000000000e+00 0.000000000000000000e+00
0.000000000000000000e+00 0.000000000000000000e+00 0.000000000000000000e+00
0.000000000000000000e+00 0.000000000000000000e+00 0.000000000000000000e+00
0.000000000000000000e+00 0.000000000000000000e+00 0.000000000000000000e+00
0.000000000000000000e+00 0.000000000000000000e+00 0.000000000000000000e+00
0.000000000000000000e+00 0.000000000000000000e+00 0.000000000000000000e+00
0.000000000000000000e+00 0.000000000000000000e+00 0.000000000000000000e+00
0.000000000000000000e+00 0.000000000000000000e+00 0.000000000000000000e+00
0.000000000000000000e+00 0.000000000000000000e+00 0.000000000000000000e+00
0.000000000000000000e+00 0.000000000000000000e+00 0.000000000000000000e+00
0.000000000000000000e+00 0.000000000000000000e+00 0.000000000000000000e+00
0.000000000000000000e+00 0.000000000000000000e+00 0.000000000000000000e+00
0.000000000000000000e+00 0.000000000000000000e+00 0.000000000000000000e+00
0.000000000000000000e+00 0.000000000000000000e+00 0.000000000000000000e+00
0.000000000000000000e+00 0.000000000000000000e+00 0.000000000000000000e+00
0.000000000000000000e+00 0.000000000000000000e+00 0.000000000000000000e+00
0.000000000000000000e+00 0.000000000000000000e+00 0.000000000000000000e+00
0.000000000000000000e+00 0.000000000000000000e+00 0.000000000000000000e+00
0.000000000000000000e+00 0.000000000000000000e+00 0.000000000000000000e+00
0.000000000000000000e+00 0.000000000000000000e+00 0.000000000000000000e+00
0.000000000000000000e+00 0.000000000000000000e+00 0.000000000000000000e+00
0.000000000000000000e+00 0.000000000000000000e+00 0.000000000000000000e+00
0.000000000000000000e+00 0.000000000000000000e+00 0.000000000000000000e+00
0.000000000000000000e+00 0.000000000000000000e+00 0.000000000000000000e+00
0.000000000000000000e+00 0.000000000000000000e+00 0.000000000000000000e+00
0.000000000000000000e+00 0.000000000000000000e+00 0.000000000000000000e+00
0.000000000000000000e+00 0.000000000000000000e+00 0.000000000000000000e+00
0.000000000000000000e+00 0.000000000000000000e+00 0.000000000000000000e+00
0.000000000000000000e+00 0.000000000000000000e+00 0.000000000000000000e+00
0.000000000000000000e+00 0.000000000000000000e+00 0.000000000000000000e+00
0.000000000000000000e+00 0.000000000000000000e+00 0.000000000000000000e+00
0.000000000000000000e+00 0.000000000000000000e+00 0.000000000000000000e+00
0.000000000000000000e+00 0.000000000000000000e+00 0.000000000000000000e+00
0.000000000000000000e+00 0.000000000000000000e+00 0.000000000000000000e+00
0.000000000000000000e+00 0.000000000000000000e+00 0.000000000000000000e+00
0.000000000000000000e+00 0.000000000000000000e+00 0.000000000000000000e+00
0.000000000000000000e+00 0.000000000000000000e+00 0.000000000000000000e+00
0.000000000000000000e+00 0.000000000000000000e+00 0.000000000000000000e+00
0.000000000000000000e+00 0.000000000000000000e+00 0.000000000000000000e+00
0.000000000000000000e+00 0.000000000000000000e+00 0.000000000000000000e+00
0.000000000000000000e+00 0.000000000000000000e+00 0.000000000000000000e+00
0.000000000000000000e+00 0.000000000000000000e+00 0.000000000000000000e+00
0.000000000000000000e+00 0.000000000000000000e+00 0.000000000000000000e+00
0.000000000000000000e+00 0.000000000000000000e+00 0.000000000000000000e+00
0.000000000000000000e+00 0.000000000000000000e+00 0.000000000000000000e+00
-2.381549223069854768e-02 1.850932116553817217e-02 -7.151235460609348983e-03
-2.406738097155440570e-02 1.996012491527138916e-02 -6.126237032537441146e-03
-2.566513830705930907e-02 2.575426080003103552e-02 -3.636955753171072260e-03
-2.812923555528558037e-02 3.430101747327320150e-02 -4.048400015728491710e-04
-3.071895068846373922e-02 4.358607379683863969e-02 3.229948749833219234e-03
-3.262239434639884611e-02 5.105421728654965796e-02 6.661090438377913550e-03
-3.309161398873668863e-02 5.349864876891077814e-02 8.280806316803356049e-03
-2.336553495441510628e-02 2.248724685763869163e-02 -6.535415442758926892e-03
-2.320547370963219752e-02 2.321620834433453517e-02 -5.076383429999178909e-03
-2.470649408380655443e-02 2.957883034660272262e-02 -1.397728369220441755e-03
-2.721774740423011860e-02 3.923821110664645062e-02 3.415054671469293628e-03
-2.993126862485371437e-02 4.979289907827293832e-02 8.678121770539027127e-03
-3.198284418179163369e-02 5.831556247943928822e-02 1.333402855619965702e-02
-3.265576740263001487e-02 6.130293226364405546e-02 1.493938273605956331e-02
-2.181113436823949384e-02 2.500087399615700742e-02 -5.196062048500624080e-03
-2.129412316591640722e-02 2.506458294091593389e-02 -3.206081750774416542e-03
-2.267442623520869033e-02 3.189655312427248923e-02 1.996601618427533333e-03
-2.514275540469303183e-02 4.276213834808931247e-02 9.525723234236300324e-03
-2.787422498895885184e-02 5.507010697874484967e-02 1.848479773099592077e-02
-2.998750231621185453e-02 6.536887524728142440e-02 2.687113684954203774e-02
-3.074539927591854460e-02 6.916855422429145361e-02 2.999679659869244550e-02
-1.861391461637742356e-02 2.454618745333015176e-02 -3.311136390895466283e-03
-1.792939522563578511e-02 2.424820843275284771e-02 -9.481302743649364139e-04
-1.913012630382742579e-02 3.114454972786791925e-02 5.502283261669389455e-03
-2.140920151154473289e-02 4.277784017239533859e-02 1.616266179148044546e-02
-2.398428406051698880e-02 5.662505883151434244e-02 3.036578391681261924e-02
-2.601030418950403544e-02 6.876246565603627570e-02 4.498118460635885246e-02
-2.674597103610959481e-02 7.350547805065515972e-02 5.142617857456725783e-02
-1.361314282357256773e-02 1.990735017037659552e-02 -1.454806372368020861e-03
-1.299599483775672887e-02 1.952173346504898141e-02 6.958262404013084270e-04
-1.389435610035931988e-02 2.535234343691019493e-02 6.890094205576899507e-03
-1.569443381739892701e-02 3.580172794414233223e-02 1.845828292532533665e-02
-1.776259349455809253e-02 4.889568431482424482e-02 3.590144551786649679e-02
-1.941891847508328203e-02 6.091623864408261119e-02 5.566800066261951008e-02
-2.002672700706506145e-02 6.588515087781803004e-02 6.553819094190729833e-02
-7.146883137209945371e-03 1.107139282129204066e-02 -3.032408047619094865e-04
-6.780910143742628279e-03 1.074343839962193722e-02 8.913586316371008853e-04
-7.238426158212568108e-03 1.395058110469087585e-02 4.483935786791017411e-03
-8.225301450908873574e-03 2.008066815194311724e-02 1.183446240518275586e-02
-9.373916386721997673e-03 2.807176063019800258e-02 2.405339950409417227e-02
-1.030754639445743276e-02 3.551297773581345990e-02 3.858053616505897204e-02
-1.065932274690662568e-02 3.879742907991098888e-02 4.649342857232582893e-02
0.000000000000000000e+00 0.000000000000000000e+00 0.000000000000000000e+00
0.000000000000000000e+00 0.000000000000000000e+00 0.000000000000000000e+00
0.000000000000000000e+00 0.000000000000000000e+00 0.000000000000000000e+00
0.000000000000000000e+00 0.000000000000000000e+00 0.000000000000000000e+00
0.000000000000000000e+00 0.000000000000000000e+00 0.000000000000000000e+00
0.000000000000000000e+00 0.000000000000000000e+00 0.000000000000000000e+00
0.000000000000000000e+00 0.000000000000000000e+00 0.000000000000000000e+00
-2.254085198180827421e-02 1.558641628586876667e-02 -8.065919974546791743e-03
-2.265701046693668549e-02 1.660487020855353629e-02 -7.291965737143626600e-03
-2.423424523993011892e-02 2.168068878155668400e-02 -5.803800849459126755e-03
-2.670033013746528350e-02 2.925001686536724682e-02 -4.020810998985172025e-03
-2.931456852385216569e-02 3.759398086635556274e-02 -1.968008658257393729e-03
-3.125701317793019851e-02 4.451116726431635084e-02 2.441777409667369590e-04
-3.168921664789821346e-02 4.710152212182897036e-02 2.079884427127575656e-03
-2.247542325402490659e-02 1.999409733386378271e-02 -7.910116539926901821e-03
-2.229853639874139135e-02 2.078096186693799072e-02 -6.566305273883463363e-03
-2.377390667232978649e-02 2.667227157317252420e-02 -3.735812154678901011e-03
-2.629489264058694140e-02 3.566267167301470642e-02 -1.579843571379199968e-04
-2.904575989618123771e-02 4.555305703037033915e-02 3.757981686483352016e-03
-3.114422285389959952e-02 5.372337072444223482e-02 7.451886851299908618e-03
-3.187843014341585485e-02 5.736438888527015112e-02 9.921031521102343861e-03
-2.126727981462055161e-02 2.283467046514242593e-02 -7.145053737607265365e-03
-2.069196385748836922e-02 2.295346697264922728e-02 -5.194281822576394397e-03
-2.207376571773233750e-02 2.949318310243499372e-02 -8.761346455764233579e-04
-2.458699366956866583e-02 3.991416973953495345e-02 5.332465049773625100e-03
-2.739488918387376903e-02 5.177351040915093711e-02 1.275482664758609448e-02
-2.958325702355601647e-02 6.183108552896573323e-02 1.985124638971445463e-02
-3.039961119029895367e-02 6.608262142430237907e-02 2.347110500738063682e-02
-1.837735229186022654e-02 2.281573613868961500e-02 -5.612214946183549831e-03
-1.758796712766629022e-02 2.250394987950850648e-02 -3.175927180344347359e-03
-1.881088598708255746e-02 2.927195714643442137e-02 2.464919020015606237e-03
-2.117990664605569340e-02 4.078598860712698282e-02 1.206487692868206049e-02
-2.389015585943051259e-02 5.461428064330917792e-02 2.499227754511297236e-02
-2.604548281202142060e-02 6.689027225501266438e-02 3.833190626506255416e-02
-2.683263992007044532e-02 7.199194845819739674e-02 4.495122901732520604e-02
-1.361543432734453260e-02 1.883863775573479948e-02 -3.562861033919889099e-03
-1.288331490847630795e-02 1.837949164138104330e-02 -1.236792379872825049e-03
-1.381922791145000391e-02 2.424901028148250537e-02 4.394728356440461003e-03
-1.574053655920567771e-02 3.491958271294638705e-02 1.535532982119465137e-02
-1.798865607904323941e-02 4.862107814818276974e-02 3.249824519610341328e-02
-1.983135495134890486e-02 6.158116776033308037e-02 5.231039771388072690e-02
-2.053653156023714163e-02 6.737534883512083517e-02 6.326881409557380542e-02
-7.267496109321511071e-03 1.077379976583913920e-02 -1.545624978199593592e-03
-6.818199847966218557e-03 1.034812602333632335e-02 -1.799021387881074034e-04
-7.311947071196371779e-03 1.374521811247123373e-02 3.353622663745022166e-03
-8.402712905308024408e-03 2.029180899770184274e-02 1.079282068833659937e-02
-9.704252578953484129e-03 2.920514780881244138e-02 2.391948130732880762e-02
-1.079826757021568398e-02 3.805394078727851459e-02 4.085741997997893726e-02
-1.128716121443358068e-02 4.285640177276378582e-02 5.238422257412441579e-02
0.000000000000000000e+00 0.000000000000000000e+00 0.000000000000000000e+00
0.000000000000000000e+00 0.000000000000000000e+00 0.000000000000000000e+00
0.000000000000000000e+00 0.000000000000000000e+00 0.000000000000000000e+00
0.000000000000000000e+00 0.000000000000000000e+00 0.000000000000000000e+00
0.000000000000000000e+00 0.000000000000000000e+00 0.000000000000000000e+00
0.000000000000000000e+00 0.000000000000000000e+00 0.000000000000000000e+00
0.000000000000000000e+00 0.000000000000000000e+00 0.000000000000000000e+00
-2.044714296474946583e-02 9.812724430399974440e-03 -1.075452467105936227e-02
-2.063573238747440364e-02 1.084836957460642501e-02 -1.060007561457182099e-02
-2.229508030354697065e-02 1.467518372675946994e-02 -1.147302525856030118e-02
-2.488584131899208504e-02 2.054037646933912220e-02 -1.298491756034552552e-02
-2.766834236334813832e-02 2.728104032014096528e-02 -1.460051021648165956e-02
-2.977595275775388531e-02 3.322064558401533613e-02 -1.562104486250155341e-02
-3.030947150139302187e-02 3.594692713025261777e-02 -1.513274631655955015e-02
-2.055539222480871203e-02 1.361015979953848938e-02 -1.157103347622773400e-02
-2.043707463120768286e-02 1.471756604864727161e-02 -1.069062500936343238e-02
-2.203696100322525067e-02 1.955028883207310039e-02 -1.062524649849458554e-02
-2.474770898613977421e-02 2.697567721665964507e-02 -1.095817310109264801e-02
-2.773897758576702316e-02 3.537877223698612100e-02 -1.132409573032310858e-02
-3.004806034403773030e-02 4.264089108597429734e-02 -1.121758669062435966e-02
-3.087380593043009824e-02 4.619692739610016530e-02 -1.004857558936965434e-02
-1.968908764382361343e-02 1.655851163405954243e-02 -1.170684989421840252e-02
-1.918145198166733983e-02 1.738954907905999187e-02 -9.983788315266922328e-03
-2.077310592655336532e-02 2.335975634793720918e-02 -8.507819228978308335e-03
-2.359029415617980990e-02 3.287775574066761908e-02 -6.274312045480076074e-03
-2.677056862023683217e-02 4.399644671423114106e-02 -3.382152533339231968e-03
-2.925719896297591244e-02 5.377449249655879421e-02 -9.245278435696237067e-05
-3.014824462708786887e-02 5.804281624317834259e-02 2.495005852828558000e-03
-1.721802892397550702e-02 1.731546883359437808e-02 -1.056083156787451446e-02
-1.649204748007231450e-02 1.789749999542720668e-02 -8.162483558066908548e-03
-1.798225279331125762e-02 2.459874303387182479e-02 -5.143681372477495670e-03
-2.077406701621493934e-02 3.629286394081773087e-02 1.556810146655810811e-03
-2.401988996835604379e-02 5.088207577579317159e-02 1.124372189885774163e-02
-2.660663244942205324e-02 6.422975695646492011e-02 2.162514612832585129e-02
-2.745399578843076699e-02 6.966823395840307520e-02 2.743423241884948571e-02
-1.288468781194423464e-02 1.484644184595379154e-02 -7.829917131503948829e-03
-1.219308523113137727e-02 1.517717138618796674e-02 -5.367834196748288815e-03
-1.336984718913631666e-02 2.120919601521545697e-02 -1.889477287134654028e-03
-1.570749193362028229e-02 3.267623676146554079e-02 7.210087244566256576e-03
-1.850317894886494355e-02 4.855106828086500070e-02 2.410982121352725147e-02
-2.083685543811543417e-02 6.428779836808246051e-02 4.457196440579428570e-02
-2.165581930344326334e-02 7.121485001467732501e-02 5.665539865196986269e-02
-6.928011750484936761e-03 8.776066164371055731e-03 -3.907126915960274123e-03
-6.490600583957850840e-03 8.812533371599661630e-03 -2.311979933385733751e-03
-7.111287388239718142e-03 1.232090021914735746e-02 1.093613725715355926e-04
-8.445934691836553751e-03 1.933662615624269845e-02 6.449506667896650128e-03
-1.007278133022089690e-02 2.989033887853781088e-02 2.021340735926609178e-02
-1.147870403636696082e-02 4.121343968627966953e-02 4.057116529300567459e-02
-1.210581659916119997e-02 4.768014344992606290e-02 5.589413163873880458e-02
0.000000000000000000e+00 0.000000000000000000e+00 0.000000000000000000e+00
0.000000000000000000e+00 0.000000000000000000e+00 0.000000000000000000e+00
0.000000000000000000e+00 0.000000000000000000e+00 0.000000000000000000e+00
0.000000000000000000e+00 0.000000000000000000e+00 0.000000000000000000e+00
0.000000000000000000e+00 0.000000000000000000e+00 0.000000000000000000e+00
0.000000000000000000e+00 0.000000000000000000e+00 0.000000000000000000e+00
0.000000000000000000e+00 0.000000000000000000e+00 0.000000000000000000e+00
-1.710070649157004880e-02 2.722879080373348699e-03 -1.236652956857659316e-02
-1.735868983744367697e-02 3.818399548242416407e-03 -1.293531222171640481e-02
-1.907378498178370976e-02 5.940916978352804231e-03 -1.639252742985239375e-02
-2.172137298910138681e-02 9.280692018426494813e-03 -2.171942375586419921e-02
-2.462260064047709987e-02 1.336157489581684017e-02 -2.808604387855828666e-02
-2.687512644552996280e-02 1.722858331588719011e-02 -3.395746187210779699e-02
-2.750997609345642511e-02 1.933204573821056121e-02 -3.626622887204319218e-02
-1.738000789339493382e-02 5.518701905423555563e-03 -1.427048917752582816e-02
-1.736445730814636934e-02 6.955069882767332679e-03 -1.424832917415199546e-02
-1.909540105034636739e-02 1.001662795797733825e-02 -1.784851579765233884e-02
-2.196647724776965363e-02 1.477986039584818119e-02 -2.350253524908389735e-02
-2.519419694733280105e-02 2.044152734607667873e-02 -3.018503556843517982e-02
-2.773024001232431493e-02 2.569284374224505355e-02 -3.599480238560209128e-02
-2.868538975256130705e-02 2.854728361036532047e-02 -3.771275008911657151e-02
-1.686795629566519711e-02 8.021810798820916411e-03 -1.564707538438160628e-02
-1.650213813588857423e-02 9.581310772702330072e-03 -1.495411645252255062e-02
-1.834649061948503621e-02 1.390958133807057746e-02 -1.862752357559463792e-02
-2.152616262705489905e-02 2.116447918894468622e-02 -2.369733607255516961e-02
-2.519457641458582031e-02 3.015892764617760999e-02 -2.957581292493507985e-02
-2.807278993954500160e-02 3.859895617709165755e-02 -3.404400747441910235e-02
-2.903549914193249981e-02 4.248102646502976282e-02 -3.362282092624565427e-02
-1.496296143811474619e-02 9.342022657303911126e-03 -1.528351353509013917e-02
-1.439724113103621646e-02 1.096112155606673681e-02 -1.388093663375573536e-02
-1.625669985983943869e-02 1.659957522410552763e-02 -1.654796001645592388e-02
-1.966572653663598708e-02 2.765514797699002505e-02 -1.679675555286265498e-02
-2.377483373261080751e-02 4.263398316839908664e-02 -1.556401483618514124e-02
-2.704953158883234218e-02 5.673320924255739056e-02 -1.404483576132208554e-02
-2.793580668980868292e-02 6.221190501295179726e-02 -1.069841752469153327e-02
-1.133898605376488372e-02 8.653109402566338745e-03 -1.233706721659337535e-02
-1.077325209886441891e-02 1.003020537880399028e-02 -1.051850254694968421e-02
-1.229900448773501263e-02 1.551679907647517988e-02 -1.203546363686340027e-02
-1.528338460753979854e-02 2.762840093066330424e-02 -8.199463627634698271e-03
-1.903474139296847806e-02 4.748352595965064926e-02 7.055402388279510655e-03
-2.226548015157613428e-02 6.795995969314977403e-02 2.488213451402270307e-02
-2.327149933087342693e-02 7.615331658973839568e-02 3.598227131072463669e-02
-6.154591499423885115e-03 5.438594528893578826e-03 -6.714562547352712941e-03
-5.773447163615163212e-03 6.194882391627408100e-03 -5.199668918479259834e-03
-6.582629193274071658e-03 9.488662468686579268e-03 -5.340422214738474449e-03
-8.287785991895783161e-03 1.678395082673883945e-02 -2.263025460152676485e-03
-1.046937596620184721e-02 3.051640731190732522e-02 1.218508347879373836e-02
-1.247692893836593528e-02 4.719641393634895626e-02 3.951702791751975086e-02
-1.336992530235469115e-02 5.653210058858895021e-02 6.058341958024607982e-02
0.000000000000000000e+00 0.000000000000000000e+00 0.000000000000000000e+00
0.000000000000000000e+00 0.000000000000000000e+00 0.000000000000000000e+00
0.000000000000000000e+00 0.000000000000000000e+00 0.000000000000000000e+00
0.000000000000000000e+00 0.000000000000000000e+00 0.000000000000000000e+00
0.000000000000000000e+00 0.000000000000000000e+00 0.000000000000000000e+00
0.000000000000000000e+00 0.000000000000000000e+00 0.000000000000000000e+00
0.000000000000000000e+00 0.000000000000000000e+00 0.000000000000000000e+00
-1.236226747293482121e-02 -3.336991469953733570e-03 -1.072435757987794114e-02
-1.263038965830658861e-02 -2.155158819932946525e-03 -1.193128962322960798e-02
-1.415272741041732375e-02 -1.712267052163136830e-03 -1.675958939089355199e-02
-1.651054752046985860e-02 -1.050207545379239649e-03 -2.433308616526290089e-02
-1.918154294625513262e-02 -2.472419886584232358e-04 -3.416676977857178998e-02
-2.130372831557278759e-02 4.667641229322215773e-04 -4.429259868507370163e-02
-2.192923938378740431e-02 7.358301345895110115e-04 -4.933896120866032575e-02
-1.271624244816730795e-02 -1.460715371518306153e-03 -1.324809969174078374e-02
-1.279245691741202721e-02 2.365860444614650013e-04 -1.403779490017714911e-02
-1.440178013078260467e-02 1.253640973413445211e-03 -1.979997202231567957e-02
-1.706714177081565184e-02 2.720309279888582978e-03 -2.923699614787302059e-02
-2.017235370785490714e-02 4.509215433006911154e-03 -4.147820852033706762e-02
-2.265860144958403016e-02 6.244490255306045512e-03 -5.365708279806227082e-02
-2.363010300384134343e-02 7.119622609434325851e-03 -5.903589292024745416e-02
-1.252319753433260748e-02 1.894379766313751187e-04 -1.532865587474282511e-02
-1.233762988857593085e-02 2.164032464611553418e-03 -1.572256623522246682e-02
-1.418702771532296195e-02 3.450149212039943774e-03 -2.368853405944361737e-02
-1.738727465294316946e-02 6.119494693415584996e-03 -3.737884218273369863e-02
-2.126503535955193147e-02 1.036847741846447582e-02 -5.485712791105275266e-02
-2.431163115577174294e-02 1.495814379936167768e-02 -7.118487160965143723e-02
-2.522330644520149809e-02 1.781091664359123888e-02 -7.427178031183180595e-02
-1.129580805244234654e-02 1.381806032312595488e-03 -1.589552186154273225e-02
-1.096151309833117218e-02 3.495926846037254905e-03 -1.605015990619134900e-02
-1.298365177708518670e-02 5.598185630315170164e-03 -2.630489876491442711e-02
-1.682400243199573195e-02 1.204462195492795804e-02 -4.255751064084981050e-02
-2.184027187641904982e-02 2.388706701066390867e-02 -6.129978831208841156e-02
-2.579388461078117867e-02 3.548669208921085422e-02 -8.128212985111615829e-02
-2.653022679091383840e-02 4.045416577840008771e-02 -8.070381781948159083e-02
-8.714872634805472321e-03 1.919131770217615733e-03 -1.354133423025838390e-02
-8.350599031285769330e-03 3.918116273591343290e-03 -1.318267576959423516e-02
-1.008046097612467357e-02 6.818102729894626873e-03 -2.207424516267708983e-02
-1.364893205614513619e-02 1.677775033876495112e-02 -3.281763745291601392e-02
-1.864609090223892304e-02 4.146881661162012817e-02 -2.758014879611679973e-02
-2.315760271185055702e-02 6.764160508653542514e-02 -2.631315758177984673e-02
-2.429508276183340448e-02 7.474860118425862010e-02 -2.386654108369070867e-02
-4.815202382963246382e-03 1.515368897754467131e-03 -7.813903537786982129e-03
-4.542574317522805535e-03 2.790350170221181803e-03 -7.108164174194962423e-03
-5.471415616126203314e-03 4.843646384641386513e-03 -1.132384532359980225e-02
-7.493464171008417524e-03 1.095977632396854390e-02 -1.668453667405012802e-02
-1.038768277288699624e-02 2.994251423377691790e-02 -5.200593410359706167e-03
-1.340189315951288186e-02 5.819062559856540140e-02 3.513200434778139536e-02
-1.466281953091632534e-02 7.030881729408955394e-02 5.950286770414995458e-02
0.000000000000000000e+00 0.000000000000000000e+00 0.000000000000000000e+00
0.000000000000000000e+00 0.000000000000000000e+00 0.000000000000000000e+00
0.000000000000000000e+00 0.000000000000000000e+00 0.000000000000000000e+00
0.000000000000000000e+00 0.000000000000000000e+00 0.000000000000000000e+00
0.000000000000000000e+00 0.000000000000000000e+00 0.000000000000000000e+00
0.000000000000000000e+00 0.000000000000000000e+00 0.000000000000000000e+00
0.000000000000000000e+00 0.000000000000000000e+00 0.000000000000000000e+00
-6.424871181414344885e-03 -5.650887458136757968e-03 -5.446589430611004264e-03
-6.609179642196510128e-03 -4.563422071898725826e-03 -6.776107356229015000e-03
-7.545302853916292102e-03 -5.113553775292124619e-03 -1.063260067373863332e-02
-9.027358725398833966e-03 -6.033462797386450124e-03 -1.715920349552861601e-02
-1.077975821759707270e-02 -7.536417773637865691e-03 -2.646299920659916927e-02
-1.219055688887840314e-02 -9.439076237881552367e-03 -3.598812597761465171e-02
-1.252732235983904964e-02 -1.121740277908117762e-02 -3.945071663393948797e-02
-6.690261761793540873e-03 -4.416434893451664546e-03 -7.750566448376446614e-03
-6.798228706541571686e-03 -2.798597062683789473e-03 -8.962189598277686686e-03
-7.828830835988905001e-03 -3.021075851523975699e-03 -1.384156245479238254e-02
-9.576855325385578294e-03 -3.645982712100395012e-03 -2.256623939168545673e-02
-1.173058112599167577e-02 -4.992824701176051989e-03 -3.544391885179282164e-02
-1.347050321720565103e-02 -6.775136372302901361e-03 -4.874438752906899708e-02
-1.411737133283376237e-02 -8.330424656875629746e-03 -5.364769203391916985e-02
-6.685107612528357057e-03 -3.571341807075428202e-03 -9.485619890133212620e-03
-6.653636596110993999e-03 -1.568037411994238845e-03 -1.050437580055406210e-02
-7.889841110629859308e-03 -1.983432860072850863e-03 -1.716299567384765856e-02
-1.014544264800247390e-02 -3.105747519311832967e-03 -3.041799680669601824e-02
-1.316195716360040596e-02 -5.027372370763643315e-03 -5.256503170390063734e-02
-1.553030312443136850e-02 -6.860466846940720641e-03 -7.566785131035443090e-02
-1.609016524556507177e-02 -6.737194926542399397e-03 -8.059276787682441434e-02
-6.131719095495170684e-03 -2.985663566831533045e-03 -1.027983025518881474e-02
-6.023467338588061465e-03 -9.682928333849280620e-04 -1.127193489820040202e-02
-7.478613319407989048e-03 -2.264738159596805470e-03 -2.036047489797921523e-02
-1.063037372534994009e-02 -6.157436919924383703e-03 -4.289824502452113664e-02
-1.541819757189094413e-02 -8.475526570849762145e-03 -8.945602239335968819e-02
-1.904996548765770792e-02 -7.178561406120657906e-03 -1.376424792184178236e-01
-1.925651902292198001e-02 -2.580255506594397990e-03 -1.378335723496791621e-01
-4.828898611884298309e-03 -2.271640115068706417e-03 -9.029955923679508847e-03
-4.688037343872063570e-03 -4.760234957208116279e-04 -9.739224687448191572e-03
-6.000887775086498344e-03 -1.672301195917524344e-03 -1.910186242361318343e-02
-9.092976112241820882e-03 -3.213898851535868482e-03 -4.771278942022153663e-02
-1.449684196553453590e-02 1.417518395251183422e-02 -9.634252684926820909e-02
-1.988191556502527310e-02 4.179151510714392698e-02 -1.460880826120869169e-01
-2.072393605849110962e-02 4.171121588102345845e-02 -1.572409192121990706e-01
-2.801632815614350444e-03 -1.241471481772554643e-03 -4.810594230039602452e-03
-2.661533798819518126e-03 -1.524864684578373984e-04 -4.921230116433097067e-03
-3.404977309060835521e-03 -6.734502792035288116e-04 -9.700137452705873825e-03
-5.142370731400012877e-03 1.320888293401040105e-03 -2.664052518854102478e-02
-8.342455607730444450e-03 2.411909608913495942e-02 -4.265111774457267663e-02
-1.253888735601449075e-02 7.422675570312946280e-02 5.684689768666954454e-03
-1.387112352414676154e-02 8.209255117885558284e-02 1.813581943921862422e-02
0.000000000000000000e+00 0.000000000000000000e+00 0.000000000000000000e+00
0.000000000000000000e+00 0.000000000000000000e+00 0.000000000000000000e+00
0.000000000000000000e+00 0.000000000000000000e+00 0.000000000000000000e+00
0.000000000000000000e+00 0.000000000000000000e+00 0.000000000000000000e+00
0.000000000000000000e+00 0.000000000000000000e+00 0.000000000000000000e+00
0.000000000000000000e+00 0.000000000000000000e+00 0.000000000000000000e+00
0.000000000000000000e+00 0.000000000000000000e+00 0.000000000000000000e+00
0.000000000000000000e+00 0.000000000000000000e+00 0.000000000000000000e+00
0.000000000000000000e+00 0.000000000000000000e+00 0.000000000000000000e+00
0.000000000000000000e+00 0.000000000000000000e+00 0.000000000000000000e+00
0.000000000000000000e+00 0.000000000000000000e+00 0.000000000000000000e+00
0.000000000000000000e+00 0.000000000000000000e+00 0.000000000000000000e+00
0.000000000000000000e+00 0.000000000000000000e+00 0.000000000000000000e+00
0.000000000000000000e+00 0.000000000000000000e+00 0.000000000000000000e+00
0.000000000000000000e+00 0.000000000000000000e+00 0.000000000000000000e+00
0.000000000000000000e+00 0.000000000000000000e+00 0.000000000000000000e+00
0.000000000000000000e+00 0.000000000000000000e+00 0.000000000000000000e+00
0.000000000000000000e+00 0.000000000000000000e+00 0.000000000000000000e+00
0.000000000000000000e+00 0.000000000000000000e+00 0.000000000000000000e+00
0.000000000000000000e+00 0.000000000000000000e+00 0.000000000000000000e+00
0.000000000000000000e+00 0.000000000000000000e+00 0.000000000000000000e+00
0.000000000000000000e+00 0.000000000000000000e+00 0.000000000000000000e+00
0.000000000000000000e+00 0.000000000000000000e+00 0.000000000000000000e+00
0.000000000000000000e+00 0.000000000000000000e+00 0.000000000000000000e+00
0.000000000000000000e+00 0.000000000000000000e+00 0.000000000000000000e+00
0.000000000000000000e+00 0.000000000000000000e+00 0.000000000000000000e+00
0.000000000000000000e+00 0.000000000000000000e+00 0.000000000000000000e+00
0.000000000000000000e+00 0.000000000000000000e+00 0.000000000000000000e+00
0.000000000000000000e+00 0.000000000000000000e+00 0.000000000000000000e+00
0.000000000000000000e+00 0.000000000000000000e+00 0.000000000000000000e+00
0.000000000000000000e+00 0.000000000000000000e+00 0.000000000000000000e+00
0.000000000000000000e+00 0.000000000000000000e+00 0.000000000000000000e+00
0.000000000000000000e+00 0.000000000000000000e+00 0.000000000000000000e+00
0.000000000000000000e+00 0.000000000000000000e+00 0.000000000000000000e+00
0.000000000000000000e+00 0.000000000000000000e+00 0.000000000000000000e+00
0.000000000000000000e+00 0.000000000000000000e+00 0.000000000000000000e+00
0.000000000000000000e+00 0.000000000000000000e+00 0.000000000000000000e+00
0.000000000000000000e+00 0.000000000000000000e+00 0.000000000000000000e+00
0.000000000000000000e+00 0.000000000000000000e+00 0.000000000000000000e+00
0.000000000000000000e+00 0.000000000000000000e+00 0.000000000000000000e+00
0.000000000000000000e+00 0.000000000000000000e+00 0.000000000000000000e+00
0.000000000000000000e+00 0.000000000000000000e+00 0.000000000000000000e+00
0.000000000000000000e+00 0.000000000000000000e+00 0.000000000000000000e+00
0.000000000000000000e+00 0.000000000000000000e+00 0.000000000000000000e+00
0.000000000000000000e+00 0.000000000000000000e+00 0.000000000000000000e+00
0.000000000000000000e+00 0.000000000000000000e+00 0.000000000000000000e+00
0.000000000000000000e+00 0.000000000000000000e+00 0.000000000000000000e+00
0.000000000000000000e+00 0.000000000000000000e+00 0.000000000000000000e+00
0.000000000000000000e+00 0.000000000000000000e+00 0.000000000000000000e+00
0.000000000000000000e+00 0.000000000000000000e+00 0.000000000000000000e+00
0.000000000000000000e+00 0.000000000000000000e+00 0.000000000000000000e+00
0.000000000000000000e+00 0.000000000000000000e+00 0.000000000000000000e+00
0.000000000000000000e+00 0.000000000000000000e+00 0.000000000000000000e+00
0.000000000000000000e+00 0.000000000000000000e+00 0.000000000000000000e+00
0.000000000000000000e+00 0.000000000000000000e+00 0.000000000000000000e+00
0.000000000000000000e+00 0.000000000000000000e+00 0.000000000000000000e+00
0.000000000000000000e+00 0.000000000000000000e+00 0.000000000000000000e+00
0.000000000000000000e+00 0.000000000000000000e+00 0.000000000000000000e+00
0.000000000000000000e+00 0.000000000000000000e+00 0.000000000000000000e+00
0.000000000000000000e+00 0.000000000000000000e+00 0.000000000000000000e+00
0.000000000000000000e+00 0.000000000000000000e+00 0.000000000000000000e+00
0.000000000000000000e+00 0.000000000000000000e+00 0.000000000000000000e+00
0.000000000000000000e+00 0.000000000000000000e+00 0.000000000000000000e+00
0.000000000000000000e+00 0.000000000000000000e+00 0.000000000000000000e+00
0.000000000000000000e+00 0.000000000000000000e+00 0.000000000000000000e+00
0.000000000000000000e+00 0.000000000000000000e+00 0.000000000000000000e+00
0.000000000000000000e+00 0.000000000000000000e+00 0.000000000000000000e+00
0.000000000000000000e+00 0.000000000000000000e+00 0.000000000000000000e+00
0.000000000000000000e+00 0.000000000000000000e+00 0.000000000000000000e+00
0.000000000000000000e+00 0.000000000000000000e+00 0.000000000000000000e+00
0.000000000000000000e+00 0.000000000000000000e+00 0.000000000000000000e+00
0.000000000000000000e+00 0.000000000000000000e+00 0.000000000000000000e+00
0.000000000000000000e+00 0.000000000000000000e+00 0.000000000000000000e+00
0.000000000000000000e+00 0.000000000000000000e+00 0.000000000000000000e+00
0.000000000000000000e+00 0.000000000000000000e+00 0.000000000000000000e+00
0.000000000000000000e+00 0.000000000000000000e+00 0.000000000000000000e+00
0.000000000000000000e+00 0.000000000000000000e+00 0.000000000000000000e+00
0.000000000000000000e+00 0.000000000000000000e+00 0.000000000000000000e+00
0.000000000000000000e+00 0.000000000000000000e+00 0.000000000000000000e+00
0.000000000000000000e+00 0.000000000000000000e+00 0.000000000000000000e+00
0.000000000000000000e+00 0.000000000000000000e+00 0.000000000000000000e+00
0.000000000000000000e+00 0.000000000000000000e+00 0.000000000000000000e+00
0.000000000000000000e+00 0.000000000000000000e+00 0.000000000000000000e+00
0.000000000000000000e+00 0.000000000000000000e+00 0.000000000000000000e+00
0.000000000000000000e+00 0.000000000000000000e+00 0.000000000000000000e+00
0.000000000000000000e+00 0.000000000000000000e+00 0.000000000000000000e+00
0.000000000000000000e+00 0.000000000000000000e+00 0.000000000000000000e+00
0.000000000000000000e+00 0.000000000000000000e+00 0.000000000000000000e+00
0.000000000000000000e+00 0.000000000000000000e+00 0.000000000000000000e+00
0.000000000000000000e+00 0.000000000000000000e+00 0.000000000000000000e+00
0.000000000000000000e+00 0.000000000000000000e+00 0.000000000000000000e+00
0.000000000000000000e+00 0.000000000000000000e+00 0.000000000000000000e+00
0.000000000000000000e+00 0.000000000000000000e+00 0.000000000000000000e+00
0.000000000000000000e+00 0.000000000000000000e+00 0.000000000000000000e+00
0.000000000000000000e+00 0.000000000000000000e+00 0.000000000000000000e+00
0.000000000000000000e+00 0.000000000000000000e+00 0.000000000000000000e+00
0.000000000000000000e+00 0.000000000000000000e+00 0.000000000000000000e+00
0.000000000000000000e+00 0.000000000000000000e+00 0.000000000000000000e+00
0.000000000000000000e+00 0.000000000000000000e+00 0.000000000000000000e+00
0.000000000000000000e+00 0.000000000000000000e+00 0.000000000000000000e+00
0.000000000000000000e+00 0.000000000000000000e+00 0.000000000000000000e+00
0.000000000000000000e+00 0.000000000000000000e+00 0.000000000000000000e+00
0.000000000000000000e+00 0.000000000000000000e+00 0.000000000000000000e+00
0.000000000000000000e+00 0.000000000000000000e+00 0.000000000000000000e+00
0.000000000000000000e+00 0.000000000000000000e+00 0.000000000000000000e+00
1.033085023133427241e-03 -1.626510278060692288e-02 -3.412169686052991921e-04
-5.855503494026312880e-04 -1.452985668771108844e-02 -7.515827250238113749e-04
-2.138966395283357653e-03 -1.490242670680115566e-02 -2.831216569256172697e-03
-3.641804185221244380e-03 -1.606829871824609277e-02 -5.621215125138397627e-03
-4.950671286848676994e-03 -1.735849228307310282e-02 -8.515091190828558490e-03
-5.842884950739090331e-03 -1.846449697759952949e-02 -1.096106824948698578e-02
-6.124992692989057741e-03 -1.927128470570303731e-02 -1.224164591574646195e-02
-5.855503494026313965e-04 -1.452985668771084905e-02 -7.515827249748888118e-04
-2.197679708909351919e-03 -1.199726263445966001e-02 -5.534946699144858333e-04
-3.824169190690396292e-03 -1.158295199790592041e-02 -1.922439331764933847e-03
-5.452193803252272999e-03 -1.182299096824123395e-02 -3.786581280329572724e-03
-6.902836714685741878e-03 -1.217079057129103782e-02 -5.715228909688445380e-03
-7.889900648332578634e-03 -1.252738682691063171e-02 -7.351568313721140377e-03
-8.137629736716644677e-03 -1.298341068059522853e-02 -7.870014375368388979e-03
-2.138966395283339005e-03 -1.490242670680043749e-02 -2.831216569381243223e-03
-3.824169190690400195e-03 -1.158295199790581632e-02 -1.922439331824859002e-03
-5.714313931209644495e-03 -1.055909224296714723e-02 -3.313089979250061646e-03
-7.751463592041222574e-03 -9.922514380997650429e-03 -5.075895881786408187e-03
-9.690021137979591345e-03 -9.124142625401223880e-03 -6.915722363271201330e-03
-1.108547515065380802e-02 -8.443012219168878965e-03 -8.848655910787582915e-03
-1.147798180447463096e-02 -8.848624526892473474e-03 -1.024483348716801259e-02
-3.641804185221236573e-03 -1.606829871824137432e-02 -5.621215125148225703e-03
-5.452193803252269530e-03 -1.182299096823866830e-02 -3.786581280383384280e-03
-7.751463592041217369e-03 -9.922514380997872474e-03 -5.075895881859379330e-03
-1.040613537312868112e-02 -7.860037300007147870e-03 -6.066078801762911192e-03
-1.312719190505673775e-02 -4.839344928229512115e-03 -6.592187083755699645e-03
-1.523759599217095091e-02 -1.680225362261389974e-03 -7.565775835637129215e-03
-1.596450963445796706e-02 -1.168937552589729501e-03 -9.883705011670742072e-03
-4.950671286848675259e-03 -1.735849228307236730e-02 -8.515091190842358215e-03
-6.902836714685735807e-03 -1.217079057128986515e-02 -5.715228909704203608e-03
-9.690021137979584406e-03 -9.124142625399601914e-03 -6.915722363290880900e-03
-1.312719190505673081e-02 -4.839344928230303149e-03 -6.592187083829839991e-03
-1.689018238350628240e-02 2.164806035592449582e-03 -3.696272439636870324e-03
-1.997057510489537793e-02 1.033937816123577449e-02 3.989659836241111297e-04
-2.115900594007547389e-02 1.359189214005214127e-02 3.857832404537893151e-04
-5.842884950739085127e-03 -1.846449697759790926e-02 -1.096106824957642466e-02
-7.889900648332569960e-03 -1.252738682691028997e-02 -7.351568313683104830e-03
-1.108547515065379935e-02 -8.443012219167994256e-03 -8.848655910791371551e-03
-1.523759599217094918e-02 -1.680225362261113069e-03 -7.565775835643065439e-03
-1.997057510489537446e-02 1.033937816123580225e-02 3.989659835740917877e-04
-2.400658561754679884e-02 2.559368819689379279e-02 1.641521323016248077e-02
-2.566729269032481942e-02 3.297051794614525716e-02 2.598093507185934153e-02
-6.124992692989039526e-03 -1.927128470570379018e-02 -1.224164591574968854e-02
-8.137629736716632534e-03 -1.298341068059512965e-02 -7.870014375323475253e-03
-1.147798180447463269e-02 -8.848624526891203657e-03 -1.024483348707377894e-02
-1.596450963445797053e-02 -1.168937552589679194e-03 -9.883705011618776695e-03
-2.115900594007547389e-02 1.359189214005251251e-02 3.857832404458153876e-04
-2.566729269032481595e-02 3.297051794614390408e-02 2.598093507194480095e-02
-2.778626272622372259e-02 4.296468850389406624e-02 4.346959587290252780e-02
2.128286457213236522e-03 -2.832103604690433540e-02 3.117455206327019151e-03
-8.747713209157754978e-04 -2.624016719586565877e-02 1.747621916298970060e-03
-3.872151887251981846e-03 -2.731447889769754445e-02 -1.822953553042497418e-03
-6.774924511398123378e-03 -2.983101826677021090e-02 -6.571579254096036882e-03
-9.314634515119700822e-03 -3.258901234827395188e-02 -1.161559444715480616e-02
-1.107848435946726801e-02 -3.489356173858841614e-02 -1.600131921106126218e-02
-1.181012515721273706e-02 -3.636587254802200325e-02 -1.896308568776535960e-02
-8.747713209157679084e-04 -2.624016719586346608e-02 1.747621916123437294e-03
-3.810996831222231759e-03 -2.276375288794969809e-02 1.234285069089795196e-03
-7.001406916320371959e-03 -2.251817046484013568e-02 -1.611064072039529883e-03
-1.021367871546257321e-02 -2.354151507567350810e-02 -5.339354336038899980e-03
-1.309380643014841986e-02 -2.478910273512847581e-02 -9.198878804396144054e-03
-1.508006108273867753e-02 -2.585407119775103360e-02 -1.236907225065822340e-02
-1.565600319950940719e-02 -2.660018901809966738e-02 -1.328670341851904621e-02
-3.872151887251963197e-03 -2.731447889769492848e-02 -1.822953553042057232e-03
-7.001406916320369357e-03 -2.251817046483917117e-02 -1.611064072058308481e-03
-1.077917637803547588e-02 -2.128012178901766624e-02 -5.036300447396668822e-03
-1.486884000560658413e-02 -2.087087534243657963e-02 -9.207151858315386003e-03
-1.879465372984553614e-02 -2.022216884344148202e-02 -1.364210952325278781e-02
-2.163936661373673520e-02 -1.958829802450511720e-02 -1.794211947477092686e-02
-2.250067667570788965e-02 -2.010975830243321924e-02 -1.981831451637830824e-02
-6.774924511398105163e-03 -2.983101826676605450e-02 -6.571579254168009691e-03
-1.021367871546256974e-02 -2.354151507567016702e-02 -5.339354336114063813e-03
-1.486884000560657892e-02 -2.087087534243556655e-02 -9.207151858337089129e-03
-2.030367222098439922e-02 -1.783189006440812074e-02 -1.242535450504810533e-02
-2.596749062647095430e-02 -1.294959114759766140e-02 -1.511837920797913341e-02
-3.037424122685927069e-02 -7.801609182982921498e-03 -1.913477326464896669e-02
-3.189429589185893005e-02 -6.987832316094204008e-03 -2.344576566675410714e-02
-9.314634515119686944e-03 -3.258901234827255716e-02 -1.161559444718849102e-02
-1.309380643014840771e-02 -2.478910273512751131e-02 -9.198878804398038372e-03
-1.879465372984551880e-02 -2.022216884343901525e-02 -1.364210952326020028e-02
-2.596749062647094736e-02 -1.294959114759710282e-02 -1.511837920795710936e-02
-3.405098239709612729e-02 3.271837495095201369e-04 -1.145472629843272833e-02
-4.068379639072969289e-02 1.590328246175874358e-02 -7.079614245788904553e-03
-4.313887764860154655e-02 2.150845388352803575e-02 -9.264683358587202586e-03
-1.107848435946725586e-02 -3.489356173858938065e-02 -1.600131921094081339e-02
-1.508006108273866365e-02 -2.585407119775038134e-02 -1.236907225064219108e-02
-2.163936661373673173e-02 -1.958829802450444066e-02 -1.794211947476288468e-02
-3.037424122685926375e-02 -7.801609182981956124e-03 -1.913477326465073958e-02
-4.068379639072968595e-02 1.590328246175976012e-02 -7.079614245848566030e-03
-4.958985923762008335e-02 4.739417790785253881e-02 2.114187612731629681e-02
-5.312484849382973634e-02 6.185385286349870393e-02 3.786710924418023455e-02
-1.181012515721273533e-02 -3.636587254802094854e-02 -1.896308568767612196e-02
-1.565600319950939331e-02 -2.660018901809810959e-02 -1.328670341840498467e-02
-2.250067667570787924e-02 -2.010975830243130064e-02 -1.981831451629780666e-02
-3.189429589185892311e-02 -6.987832316093197868e-03 -2.344576566673794993e-02
-4.313887764860155349e-02 2.150845388352821269e-02 -9.264683358515128295e-03
-5.312484849382972940e-02 6.185385286349948802e-02 3.786710924421619884e-02
-5.779976781247001677e-02 8.278434218224765828e-02 7.444055902151655579e-02
3.536098736410641340e-03 -3.376575896374458402e-02 1.087375855193666724e-02
-6.696144596689028927e-04 -3.252711604461180905e-02 8.641409662649271461e-03
-4.807376617445562918e-03 -3.467380063929152711e-02 4.994485541649045825e-03
-8.819308175330095589e-03 -3.856744928788609361e-02 3.636414678610010772e-04
-1.234287826173516636e-02 -4.287024177184407814e-02 -4.700010376939149290e-03
-1.480371572243008998e-02 -4.645405550651791893e-02 -9.279383976316106508e-03
-1.586499378368899302e-02 -4.866857851178243294e-02 -1.278864942346618835e-02
-6.696144596688980138e-04 -3.252711604461477890e-02 8.641409662598081506e-03
-4.895700631212407221e-03 -2.968727735337568438e-02 6.704609092793409504e-03
-9.416741503471517255e-03 -3.058605884883381504e-02 2.933886337656321005e-03
-1.402135390011288729e-02 -3.306186670769869357e-02 -1.627546421024053626e-03
-1.819905602851604187e-02 -3.587462174629420936e-02 -6.340027520390795375e-03
-2.111388467292291474e-02 -3.805115042105660511e-02 -1.010742858086965609e-02
-2.203845116237253959e-02 -3.880021667564893112e-02 -1.096937961822632215e-02
-4.807376617445554244e-03 -3.467380063929034056e-02 4.994485541690540410e-03
-9.416741503471518990e-03 -3.058605884883235093e-02 2.933886337708703149e-03
-1.487523805862075651e-02 -3.106441164477267286e-02 -3.013437740670672250e-03
-2.090914103897275472e-02 -3.260510382673597468e-02 -9.956910472752640226e-03
-2.681401460484697172e-02 -3.390705996322593979e-02 -1.733133062755454201e-02
-3.110932053710983164e-02 -3.470212201148384357e-02 -2.384981250780597584e-02
-3.243618145366192196e-02 -3.516830278029296764e-02 -2.485613066942610888e-02
-8.819308175330097324e-03 -3.856744928788507359e-02 3.636414679530472396e-04
-1.402135390011288556e-02 -3.306186670769736130e-02 -1.627546420995655552e-03
-2.090914103897275125e-02 -3.260510382673592611e-02 -9.956910472810652848e-03
-2.922456793339764380e-02 -3.132835133787310877e-02 -1.781378978650410491e-02
-3.819842921377678696e-02 -2.737668942039393066e-02 -2.544439801892390413e-02
-4.516254716083047127e-02 -2.312385182368414602e-02 -3.566513191288223084e-02
-4.743746468548188516e-02 -2.295999166496140442e-02 -4.090404658728133414e-02
-1.234287826173515769e-02 -4.287024177184334955e-02 -4.700010376862065117e-03
-1.819905602851603493e-02 -3.587462174629369588e-02 -6.340027520386549639e-03
-2.681401460484697172e-02 -3.390705996322643939e-02 -1.733133062753265327e-02
-3.819842921377678696e-02 -2.737668942039375719e-02 -2.544439801885183330e-02
-5.183733615040692078e-02 -9.990631851222101303e-03 -2.612930310161589234e-02
-6.297492602396655148e-02 1.035683477166671716e-02 -3.030832465149895308e-02
-6.664795040481422128e-02 1.511706668275007541e-02 -3.888130505311240825e-02
-1.480371572243008652e-02 -4.645405550651675319e-02 -9.279383976139797888e-03
-2.111388467292289739e-02 -3.805115042105594592e-02 -1.010742858081948269e-02
-3.110932053710982817e-02 -3.470212201148255293e-02 -2.384981250779140763e-02
-4.516254716083047127e-02 -2.312385182368396908e-02 -3.566513191281027451e-02
-6.297492602396652372e-02 1.035683477166738850e-02 -3.030832465141487450e-02
-7.861826699925028583e-02 5.940857378690530405e-02 -1.235660170077597375e-03
-8.426700085717277189e-02 7.855219053686324227e-02 1.665671749626479806e-02
-1.586499378368898261e-02 -4.866857851178334887e-02 -1.278864942327669584e-02
-2.203845116237252572e-02 -3.880021667564820254e-02 -1.096937961824240651e-02
-3.243618145366190114e-02 -3.516830278029255130e-02 -2.485613066938199139e-02
-4.743746468548187822e-02 -2.295999166496201505e-02 -4.090404658717755604e-02
-6.664795040481423516e-02 1.511706668275132615e-02 -3.888130505304819573e-02
-8.426700085717277189e-02 7.855219053686324227e-02 1.665671749626479806e-02
-9.201004765082866632e-02 1.095238432520199562e-01 7.675185615060377275e-02
5.004499526075917130e-03 -3.182316402754609141e-02 2.010271751560003400e-02
-1.042086357125792057e-04 -3.193134627979719864e-02 1.741802398145166769e-02
-4.993176526947489327e-03 -3.460657757410220969e-02 1.536507573422696456e-02
-9.696445018136273450e-03 -3.901824427657462485e-02 1.334165049119528414e-02
-1.384059172321854513e-02 -4.407771828794500302e-02 1.161109207167651883e-02
-1.675549214006456442e-02 -4.834802401489851631e-02 1.015180321537973059e-02
-1.799607757897801752e-02 -5.078249411276018754e-02 8.578802005787956875e-03
-1.042086357125995345e-04 -3.193134627979528350e-02 1.741802398143864339e-02
-5.418968056492715589e-03 -3.065322834121907841e-02 1.426370690024733254e-02
-1.092563212637494459e-02 -3.256845087025623392e-02 1.151642699788022264e-02
-1.656791428004929928e-02 -3.632704893203295843e-02 8.578348982519020532e-03
-2.176617786000176885e-02 -4.064337768492124608e-02 6.071211951093797438e-03
-2.546789917817737087e-02 -4.402356325779573087e-02 4.284436858594395207e-03
-2.677936860331986760e-02 -4.480780300768927304e-02 4.062929913828441583e-03
-4.993176526947497133e-03 -3.460657757410089824e-02 1.536507573442357812e-02
-1.092563212637494112e-02 -3.256845087025716373e-02 1.151642699790000543e-02
-1.768594187919081406e-02 -3.551780809889876211e-02 6.694726721425182416e-03
-2.531438587614226812e-02 -4.057460988801045443e-02 -3.029921190365228553e-04
-3.298291355639571681e-02 -4.536139482340776491e-02 -6.971983598138284735e-03
-3.861463881039562535e-02 -4.884981314434727606e-02 -1.226141466566187284e-02
-4.048115034721837951e-02 -4.883883694454640295e-02 -1.200950242059902438e-02
-9.696445018136285593e-03 -3.901824427657340361e-02 1.334165049114868946e-02
-1.656791428004930275e-02 -3.632704893203238250e-02 8.578348982533163733e-03
-2.531438587614226812e-02 -4.057460988801055851e-02 -3.029921190306696815e-04
-3.637848644706623974e-02 -4.627656633354391286e-02 -1.505867775095804870e-02
-4.898474068411011462e-02 -4.830984570121653332e-02 -2.847700090507081228e-02
-5.866949089748021290e-02 -4.973395011267376514e-02 -4.340623516094092860e-02
-6.167025383660316995e-02 -5.007194830758657234e-02 -4.503414005205420151e-02
-1.384059172321852604e-02 -4.407771828794279645e-02 1.161109207171762830e-02
-2.176617786000175497e-02 -4.064337768491960851e-02 6.071211951176100526e-03
-3.298291355639570294e-02 -4.536139482340716123e-02 -6.971983598106134238e-03
-4.898474068411011462e-02 -4.830984570121635291e-02 -2.847700090499898085e-02
-7.029912296656960768e-02 -3.329812714237810611e-02 -4.509306911073689833e-02
-8.738492106922468583e-02 -1.567027897316072144e-02 -7.102681353680156962e-02
-9.194504267393739660e-02 -1.725687135783141729e-02 -8.350644233307272235e-02
-1.675549214006456789e-02 -4.834802401489744772e-02 1.015180321530419899e-02
-2.546789917817735699e-02 -4.402356325779464841e-02 4.284436858620659788e-03
-3.861463881039562535e-02 -4.884981314434554134e-02 -1.226141466558565950e-02
-5.866949089748020596e-02 -4.973395011267329330e-02 -4.340623516084476941e-02
-8.738492106922468583e-02 -1.567027897316113083e-02 -7.102681353677764431e-02
-1.131591182210956309e-01 4.786536063312823996e-02 -7.409435730264565811e-02
-1.211517489061521430e-01 6.504629280122532775e-02 -5.965865088387832527e-02
-1.799607757897802099e-02 -5.078249411275852221e-02 8.578802005828140009e-03
-2.677936860331985372e-02 -4.480780300768894692e-02 4.062929913870528577e-03
-4.048115034721835870e-02 -4.883883694454500130e-02 -1.200950242053090700e-02
-6.167025383660316301e-02 -5.007194830758579518e-02 -4.503414005201823722e-02
-9.194504267393738273e-02 -1.725687135783257956e-02 -8.350644233303305963e-02
-1.211517489061521291e-01 6.504629280122399548e-02 -5.965865088391067439e-02
-1.327752028205934076e-01 1.039641500166871291e-01 4.258533625406608902e-02
5.993848039916069119e-03 -2.424663906357756374e-02 2.591766808608608405e-02
4.034987947899971268e-04 -2.553270580373309326e-02 2.338249410825192498e-02
-4.863378255278618355e-03 -2.745555756156237842e-02 2.333193055284847259e-02
-9.865450541500240048e-03 -3.059267464531371938e-02 2.496504094902281604e-02
-1.425131250241210533e-02 -3.438803837613842174e-02 2.837183456807742393e-02
-1.745333222982802315e-02 -3.770119413708053480e-02 3.289767825125951284e-02
-1.887344820846156498e-02 -3.875685695021654359e-02 3.529649149627579752e-02
4.034987947899969641e-04 -2.553270580372970361e-02 2.338249410826999386e-02
-5.598681380976520613e-03 -2.598274769583045624e-02 1.946631246610741606e-02
-1.168261079935801160e-02 -2.728608865139349818e-02 1.801999753916797356e-02
-1.791977397818968545e-02 -3.017636294730412228e-02 1.812957352977095579e-02
-2.372331148518844537e-02 -3.393232061993038673e-02 2.017218438245711731e-02
-2.804003107257686464e-02 -3.720713965059802009e-02 2.374980644906990804e-02
-2.987335638864746859e-02 -3.805900241357612623e-02 2.507466708124101232e-02
-4.863378255278625294e-03 -2.745555756156133412e-02 2.333193055278081490e-02
-1.168261079935800466e-02 -2.728608865139286674e-02 1.801999753910315041e-02
-1.918248496819545401e-02 -2.862043385552585570e-02 1.593963064259851584e-02
-2.777409242821366614e-02 -3.316629790748144152e-02 1.591908515406944766e-02
-3.661847139212227875e-02 -3.898025239822868609e-02 1.837786681720663881e-02
-4.333159835535400906e-02 -4.359008053068872540e-02 2.299321227867548792e-02
-4.600037968607306044e-02 -4.404179999943959312e-02 2.327730348462264676e-02
-9.865450541500219231e-03 -3.059267464531571779e-02 2.496504094913118421e-02
-1.791977397818967851e-02 -3.017636294730445534e-02 1.812957352979675807e-02
-2.777409242821367308e-02 -3.316629790748150397e-02 1.591908515405954933e-02
-4.094912731808234008e-02 -4.576756350237635995e-02 1.651908457785242201e-02
-5.693028043608670125e-02 -5.931109065965516763e-02 1.604712707921558332e-02
-6.908756111059223548e-02 -6.751570876740881078e-02 1.658728670175526124e-02
-7.301139906713008387e-02 -6.633156778805346376e-02 1.744266731090237527e-02
-1.425131250241209839e-02 -3.438803837614035769e-02 2.837183456806012180e-02
-2.372331148518843497e-02 -3.393232061993064347e-02 2.017218438256097174e-02
-3.661847139212227875e-02 -3.898025239822963672e-02 1.837786681723442214e-02
-5.693028043608669431e-02 -5.931109065965625704e-02 1.604712707922307385e-02
-8.896234741605572871e-02 -6.710789658531829405e-02 -2.377457356385389436e-02
-1.137732290362163806e-01 -6.602224525823043033e-02 -7.422543592092087361e-02
-1.182977876555609681e-01 -7.604492878323293459e-02 -6.347241879690568300e-02
-1.745333222982800928e-02 -3.770119413707950090e-02 3.289767825133554230e-02
-2.804003107257685423e-02 -3.720713965059741640e-02 2.374980644910994546e-02
-4.333159835535400906e-02 -4.359008053068970379e-02 2.299321227878705146e-02
-6.908756111059223548e-02 -6.751570876740814464e-02 1.658728670177143580e-02
-1.137732290362163945e-01 -6.602224525823059686e-02 -7.422543592099245524e-02
-1.550356565728687464e-01 -1.570718734046410228e-02 -2.017880582000135536e-01
-1.655091940680217255e-01 -1.146345445330685872e-02 -1.654167948669428567e-01
-1.887344820846155111e-02 -3.875685695021657828e-02 3.529649149635144534e-02
-2.987335638864746512e-02 -3.805900241357636909e-02 2.507466708137889855e-02
-4.600037968607306044e-02 -4.404179999943885759e-02 2.327730348475864214e-02
-7.301139906713009775e-02 -6.633156778805222864e-02 1.744266731096671269e-02
-1.182977876555609820e-01 -7.604492878323351746e-02 -6.347241879695385280e-02
-1.655091940680216978e-01 -1.146345445330900978e-02 -1.654167948669274246e-01
-1.821390243272283105e-01 3.250392770750203802e-02 1.081275301540417580e-02
6.017089986251986967e-03 -1.537764840918634524e-02 2.201939154753170674e-02
3.902546327162224405e-04 -1.659807806705172750e-02 2.065215791369903395e-02
-5.029040020443445794e-03 -1.706045701873046272e-02 2.076961025692943344e-02
-1.018924294753811681e-02 -1.780685783413178680e-02 2.261426836982417463e-02
-1.473131224110589381e-02 -1.889101289987401081e-02 2.631886483927912274e-02
-1.808501998118980381e-02 -1.987332496133704246e-02 3.084568095578242575e-02
-2.028161473672262724e-02 -1.898444367666199742e-02 3.577961464786934970e-02
3.902546327162133874e-04 -1.659807806704800479e-02 2.065215791376422486e-02
-5.730013847319995364e-03 -1.801705185453545549e-02 1.804461997202787965e-02
-1.204667150613788172e-02 -1.767687089883038590e-02 1.675541912893807953e-02
-1.855310132218191549e-02 -1.747201234969993078e-02 1.696493994904233610e-02
-2.467812976069685971e-02 -1.762000200012436846e-02 1.900081012680577761e-02
-2.932342151348053469e-02 -1.805637908972519343e-02 2.220618194040608825e-02
-3.198622635160496691e-02 -1.933733796527403390e-02 2.532595670151103692e-02
-5.029040020443446661e-03 -1.706045701873193376e-02 2.076961025689152973e-02
-1.204667150613789040e-02 -1.767687089883070856e-02 1.675541912889205037e-02
-1.989862924759496637e-02 -1.530054747098751056e-02 1.453608338934864880e-02
-2.895430334254854576e-02 -1.222738385115822515e-02 1.322683620339581805e-02
-3.849172155364872366e-02 -9.184076992028967004e-03 1.430581738732166971e-02
-4.586013485488241170e-02 -7.384047969116961513e-03 1.738428247890954140e-02
-4.969619923974945286e-02 -1.028259273110072175e-02 2.196540424383370757e-02
-1.018924294753810293e-02 -1.780685783413053086e-02 2.261426836981258667e-02
-1.855310132218191202e-02 -1.747201234970121794e-02 1.696493994902801075e-02
-2.895430334254853189e-02 -1.222738385116013508e-02 1.322683620341729392e-02
-4.310617406071746288e-02 -3.355699548402223554e-03 4.680797470817556379e-03
-6.144221632717952047e-02 4.840832014975386156e-03 2.824992942554531948e-03
-7.551986198631348290e-02 8.389039364747667010e-03 9.092348738311285469e-03
-8.113555726725368844e-02 -5.049358383909291394e-04 2.790348426222478972e-02
-1.473131224110588167e-02 -1.889101289987564838e-02 2.631886483931548254e-02
-2.467812976069684583e-02 -1.762000200012512133e-02 1.900081012693139934e-02
-3.849172155364871672e-02 -9.184076992028396280e-03 1.430581738730179499e-02
-6.144221632717953435e-02 4.840832014975793816e-03 2.824992942462777219e-03
-1.078877648775641435e-01 -7.785916255623480213e-03 6.449561994371996732e-02
-1.415426404499658675e-01 -3.532899992083775309e-02 1.307311882095967270e-01
-1.448971989048042919e-01 -3.865215781526337019e-02 1.234036931675792786e-01
-1.808501998118978299e-02 -1.987332496133640061e-02 3.084568095573054711e-02
-2.932342151348052428e-02 -1.805637908972462791e-02 2.220618194038621526e-02
-4.586013485488239783e-02 -7.384047969117455042e-03 1.738428247896528847e-02
-7.551986198631348290e-02 8.389039364746440561e-03 9.092348738382900059e-03
-1.415426404499659230e-01 -3.532899992083723267e-02 1.307311882096769406e-01
-2.017883198244509457e-01 -1.675766596346017767e-01 2.216031529986474402e-01
-2.170163769154536126e-01 -1.685447081438778971e-01 1.572262362016067228e-01
-2.028161473672262377e-02 -1.898444367665985677e-02 3.577961464785373719e-02
-3.198622635160495997e-02 -1.933733796527286816e-02 2.532595670160724122e-02
-4.969619923974944592e-02 -1.028259273110082583e-02 2.196540424391458732e-02
-8.113555726725367456e-02 -5.049358383897591769e-04 2.790348426225485942e-02
-1.448971989048042919e-01 -3.865215781526284977e-02 1.234036931676395360e-01
-2.170163769154536404e-01 -1.685447081438793404e-01 1.572262362016156045e-01
-2.401459199421517865e-01 -1.473823008607185181e-01 1.458606631380836016e-01
